NGO0001	5895	11234	8937	5880	7845
NGO0002	2927	5124	4498	2829	4143
NGO0003	1173	1758	1567	934	1366
NGO0006	3826	5417	5189	3699	4691
NGO0007	202	306	204	142	255
NGO0011	1302	1744	2288	1665	1652
NGO0016	3232	3651	6445	5414	3277
NGO0017	1337	1154	1706	1193	1363
NGO0018	604	388	994	626	687
NGO0019	822	882	1027	733	997
NGO0020	200	158	382	242	197
NGO0021	14	28	33	18	29
NGO0022	17	10	15	7	22
NGO0023	18	26	19	7	43
NGO0025	48	48	76	36	273
NGO0026	2092	1845	2034	1776	1577
NGO0027	1075	949	1159	706	959
NGO0028	156	90	258	89	101
NGO0029	946	1102	939	736	1196
NGO0030	702	668	826	471	649
NGO0031	184	225	311	109	190
NGO0032	928	1711	1636	1039	1193
NGO0033	183	153	190	152	176
NGO0034	4049	3644	4486	3493	4590
NGO0035	367	416	433	313	467
NGO0036	6171	7827	6520	5175	7927
NGO0037	1143	1582	2248	1276	811
NGO0040	3610	3604	3375	2686	3636
NGO0042	554	693	996	545	437
NGO0043	945	926	1655	744	601
NGO0044	4399	4405	5621	3465	4206
NGO0045	642	1729	1948	382	1570
NGO0047	1722	2805	2873	2443	1940
NGO0048	10588	10769	9590	7984	8360
NGO0050	735	764	797	523	638
NGO0053	1461	1922	2544	1283	1770
NGO0055	19213	25953	28277	20177	20932
NGO0056	5633	6695	7091	5707	6969
NGO0057	1396	2445	6176	4091	860
NGO0058	5228	11390	9756	6711	7946
NGO0059	456	1075	1705	623	427
NGO0060	1104	2418	3343	1237	1076
NGO0062	7270	10416	7368	5182	9528
NGO0063	3211	7109	4195	2784	4521
NGO0065	844	1372	1409	881	845
NGO0066	2970	2859	2851	2461	2352
NGO0068	2385	3602	3552	2756	2557
NGO0069	9758	11506	10088	8240	11115
NGO0071	460	955	1154	758	793
NGO0072	2461	4275	4526	2831	3452
NGO0072a	111	85	194	91	65
NGO0073	344	361	396	279	428
NGO0078	3222	5118	4293	2829	4194
NGO0079	32	42	158	50	23
NGO0080	109	161	93	139	127
NGO0081	885	896	1035	808	685
NGO0082	356	256	416	338	266
NGO0083	359	396	538	362	367
NGO0084	660	718	885	525	623
NGO0085	1174	1150	1376	1006	1028
NGO0086	706	779	972	541	633
NGO0087	1093	1334	1312	850	1030
NGO0088	886	969	1245	741	668
NGO0089	699	591	740	425	558
NGO0090	245	178	413	145	128
NGO0091	1656	1757	2045	1586	1715
NGO0092	1525	1542	1955	1263	1254
NGO0093	381	543	651	454	381
NGO0094	30958	41910	43374	31523	34577
NGO0095	4766	5238	4749	3715	4567
NGO0096	3885	4147	4752	3107	3910
NGO0097	4627	4562	4532	3052	4515
NGO0098	14953	16992	16549	14651	15816
NGO0099	1238	2054	2291	1695	2400
NGO0100	653	999	657	581	653
NGO0101	2710	2847	2309	2618	2907
NGO0102	3164	3501	3907	3340	3238
NGO0103	825	1496	1686	1001	986
NGO0104	720	1106	1496	773	694
NGO0105	280	504	447	335	385
NGO0106	3419	4092	3641	2919	4417
NGO0107	1495	1468	1659	1495	1475
NGO0110	193	517	537	293	386
NGO0112	181	305	293	139	267
NGO0113	2287	2679	2415	2150	3837
NGO0114	1628	1378	3253	981	2076
NGO0116	5123	8838	5229	5861	13444
NGO0117	1617	1388	1863	1376	1727
NGO0118	897	982	1211	630	971
NGO0119	162	212	274	269	235
NGO0121	138	245	164	137	298
NGO0123	470	719	767	511	669
NGO0124	74	127	337	154	167
NGO0125	32	41	40	26	39
NGO0125a	64	140	212	118	108
NGO0127	374	549	624	376	552
NGO0129	1025	951	1528	1117	924
NGO0130	678	469	1154	626	493
NGO0131	536	403	827	709	407
NGO0132	681	496	689	705	520
NGO0135	514	509	675	483	328
NGO0136	1422	1221	1865	1442	1161
NGO0138	1888	1322	1841	1459	1608
NGO0139	522	534	711	533	421
NGO0140	86	102	165	69	60
NGO0142	7506	10166	9574	8496	12862
NGO0143	1552	2174	2471	1660	1758
NGO0144	967	1141	1194	862	1058
NGO0145	511	753	674	608	871
NGO0146	3093	4914	4840	3752	3181
NGO0149	2046	2239	2952	1985	2014
NGO0151	2058	2142	2836	2091	1486
NGO0152	176	145	268	161	92
NGO0153	526	339	717	379	303
NGO0154	484	616	659	483	429
NGO0156	3964	10042	7975	5028	6746
NGO0158	4718	11410	10740	4977	7242
NGO0161	42	75	41	43	56
NGO0165	15	16	37	25	30
NGO0166	46	55	81	37	27
NGO0168	1308	1115	1233	1106	1138
NGO0169	97	128	203	92	158
NGO0170	1249	1531	1205	1272	1411
NGO0171	8300	14002	11629	7874	9492
NGO0172	9353	14085	12788	8446	8678
NGO0173	8681	12924	10543	7245	9343
NGO0174	3100	1689	5739	4430	1945
NGO0176	1148	1752	2341	1553	1742
NGO0177	7339	8362	9010	6950	9754
NGO0178	668	1026	993	688	713
NGO0179	4	18	34	12	15
NGO0180	349	226	429	299	173
NGO0181	428	396	593	382	440
NGO0182	1150	1094	1270	710	1065
NGO0183	277	131	368	224	157
NGO0184	812	635	757	510	660
NGO0185	882	806	988	705	882
NGO0186	12719	17581	15474	11582	22101
NGO0187	175	191	280	141	197
NGO0188	3020	3758	4408	4469	3441
NGO0189	7805	12766	13163	9399	9511
NGO0190	3951	6662	6317	4571	4783
NGO0191	10706	16352	16710	18308	12735
NGO0195	1056	1158	1683	1090	1011
NGO0196	982	880	1581	1144	702
NGO0197	508	779	942	873	716
NGO0198	8029	14903	11388	9616	13319
NGO0199	2953	4787	5551	3149	2510
NGO0200	30753	38002	32620	24418	37030
NGO0201	381	478	419	385	568
NGO0202	452	633	745	533	795
NGO0203	150	180	281	192	238
NGO0204	300	316	428	288	295
NGO0205	400	558	454	424	542
NGO0206	6953	10600	7590	7131	10421
NGO0207	1658	3914	2253	1989	2999
NGO0208	2657	4822	3528	2896	4384
NGO0209	2518	2201	2282	1910	1447
NGO0210	625	469	592	435	534
NGO0211	1389	1239	1208	879	1182
NGO0212	1786	1784	1824	1122	2028
NGO0213	918	1097	893	793	1226
NGO0214	8599	10406	9404	6377	12137
NGO0215	1011	2048	2312	771	1767
NGO0216	1329	2251	2878	1234	2254
NGO0217	12931	53412	32922	14159	62526
NGO0219	3913	6737	5048	3439	5569
NGO0220	1957	3213	3149	1895	2839
NGO0221	487	837	725	297	694
NGO0222	156	159	478	143	115
NGO0223	4103	6612	5935	5290	6275
NGO0224	565	719	999	715	507
NGO0225	856	1739	2071	1461	1157
NGO0226	235	597	386	259	441
NGO0227	16	41	70	19	38
NGO0229	293	805	532	529	565
NGO0230	492	518	717	452	370
NGO0231	752	775	1179	603	678
NGO0232	911	677	1036	686	681
NGO0233	3318	3048	3093	2837	2913
NGO0234	680	892	865	561	450
NGO0235	2036	2515	2864	1614	1498
NGO0236	3561	4149	4413	2829	4537
NGO0237	403	330	365	344	367
NGO0239	493	829	799	489	522
NGO0240	11252	13520	10564	10121	13311
NGO0242	1316	1478	2106	1243	1241
NGO0243	972	1164	1181	902	1143
NGO0244	156	121	271	177	175
NGO0245	1289	1475	1798	1006	1606
NGO0248	2143	5934	6399	3986	2795
NGO0249	3673	6350	9913	5177	4005
NGO0250	793	557	638	622	782
NGO0250a	229	105	397	132	116
NGO0255	321	552	567	368	318
NGO0256	394	402	754	340	381
NGO0257	574	784	1118	576	713
NGO0258	199	398	785	224	408
NGO0259	511	1047	1644	642	510
NGO0260	404	965	1156	408	360
NGO0261	719	866	900	655	635
NGO0262	422	609	538	295	429
NGO0263	6137	7591	6957	6066	6991
NGO0264	490	750	852	457	553
NGO0265	1633	1665	2315	1157	1274
NGO0266	1880	3550	3426	2138	2503
NGO0268	1826	2364	2240	1740	1951
NGO0269	3383	4642	4127	3338	4472
NGO0270	1199	1548	1815	1450	1599
NGO0271	1035	1514	1232	930	1345
NGO0272	2525	3320	3364	2626	2815
NGO0274	3140	3201	3628	2883	3592
NGO0275	5104	8434	7861	6084	9511
NGO0276	620	793	1212	673	774
NGO0277	3243	3818	3570	3670	4538
NGO0278	1518	2560	2752	1684	1524
NGO0281	767	1182	1367	716	885
NGO0282	457	462	665	486	517
NGO0283	1662	1861	2441	1301	1575
NGO0284	1080	1036	1185	997	1079
NGO0285	885	907	984	742	729
NGO0286	1811	3512	2551	2052	3708
NGO0288	4390	5967	7534	5297	5816
NGO0289	377	406	601	379	329
NGO0291	1832	4603	4683	2245	3622
NGO0292	290	310	454	364	274
NGO0293	1599	1496	1644	1357	1315
NGO0294	1870	2138	2087	2025	1826
NGO0295	12011	18072	23008	16222	12410
NGO0296	5576	7819	9232	6067	4222
NGO0297	4459	4277	6345	6523	4045
NGO0298	6899	6958	10597	6526	4907
NGO0299	1329	1495	1857	1430	1010
NGO0300	189	148	247	121	121
NGO0302	10	4	14	3	4
NGO0303	875	1406	1231	957	705
NGO0304	6783	12619	10961	7249	6516
NGO0305	665	532	940	565	447
NGO0306	435	524	1164	293	402
NGO0307	76	198	382	203	154
NGO0308	281	522	614	338	446
NGO0309	122	183	237	91	187
NGO0310	95	157	184	82	112
NGO0312	1103	1693	1292	1203	1733
NGO0313	1326	1739	1525	1338	1594
NGO0314	1278	1846	1408	921	1188
NGO0315	1467	1790	1627	1069	1185
NGO0316	678	935	948	518	593
NGO0317	584	711	826	445	400
NGO0318	7329	12549	13125	7604	6484
NGO0319	73	75	125	63	126
NGO0320	392	400	748	374	338
NGO0321	1084	1462	1928	1257	1011
NGO0322	12918	38473	35355	19041	46580
NGO0323	91	47	104	75	67
NGO0324	65	61	92	47	45
NGO0326	3101	9969	7365	9151	9561
NGO0327	514	497	540	396	652
NGO0328	199	327	408	237	373
NGO0329	327	465	596	266	348
NGO0329a	807	639	1655	731	856
NGO0331	167	199	242	155	176
NGO0332	965	1700	1185	978	1990
NGO0333	2107	2674	2304	2191	2821
NGO0335	25103	39068	26136	23840	29982
NGO0336	150	216	208	191	208
NGO0338	1087	1480	1548	1282	1447
NGO0339	448	592	597	451	509
NGO0340	20485	72936	68692	32882	51592
NGO0343	1183	2522	1862	1407	1692
NGO0344	5759	8166	7063	5969	7523
NGO0345	1435	1765	2001	1738	1633
NGO0346	7446	12694	12031	7777	11380
NGO0347	2887	7508	6520	3149	5471
NGO0348	616	709	1014	430	776
NGO0349	2923	3992	3754	2338	3427
NGO0350	244	128	447	80	125
NGO0351	4122	6041	5599	7684	6464
NGO0353	662	696	948	612	558
NGO0354	639	344	786	540	385
NGO0355	476	905	663	763	847
NGO0356	389	684	574	518	634
NGO0357	440	600	438	501	517
NGO0358	400	351	423	367	350
NGO0359	495	423	609	421	350
NGO0360	3311	3884	3538	3039	3892
NGO0361	2667	3453	2680	2196	3184
NGO0362	1313	2015	1506	1140	1515
NGO0363	2943	5418	3036	3634	4914
NGO0364	1050	1416	1012	1109	1448
NGO0365	1618	2640	1936	1920	2711
NGO0372	8074	32303	37699	21451	15846
NGO0373	2384	7542	8556	3704	3401
NGO0374	3714	13425	17821	6467	6716
NGO0375	1638	2768	2182	1515	2606
NGO0376	1801	3382	2776	2136	3689
NGO0377	593	610	736	389	484
NGO0378	76	66	170	63	41
NGO0379	495	495	525	449	372
NGO0380	64	67	147	48	47
NGO0381	272	629	539	330	316
NGO0382	6798	10594	9074	7763	9337
NGO0383	774	1056	1332	1017	1084
NGO0384	1279	1737	1890	1588	1652
NGO0385	2417	4326	5438	3006	4328
NGO0386	1385	1333	1440	1452	1529
NGO0387	2133	2115	2131	2046	2233
NGO0388	2422	2417	2117	2499	2511
NGO0389	1084	1004	1102	1028	1022
NGO0390	456	457	747	380	436
NGO0391	629	740	1117	583	673
NGO0392	751	695	1226	588	649
NGO0393	1158	1552	1832	953	1415
NGO0394	1866	2494	2391	1649	1717
NGO0395	1523	1944	2720	1581	1282
NGO0397	6502	9287	8612	6166	7413
NGO0398	7840	8312	8028	5793	7429
NGO0399	2444	3347	3825	4094	3245
NGO0400	1530	2827	2785	1722	2966
NGO0401	1485	2103	1810	1300	2250
NGO0402	1589	1817	2079	1162	2054
NGO0403	1564	1862	1919	1386	2067
NGO0404	832	791	1188	694	555
NGO0405	663	707	992	663	524
NGO0407	2142	2833	2774	2283	2160
NGO0408	2130	2361	2178	1776	2770
NGO0409	213	204	238	242	230
NGO0410	15096	37305	25847	35734	36743
NGO0411	877	922	945	738	1057
NGO0412	1116	1831	1740	1662	1481
NGO0413	1742	2345	1981	1272	1744
NGO0414	2102	3648	2918	1734	2085
NGO0415	4780	7542	6319	4716	4907
NGO0416	2034	2732	2048	1971	2273
NGO0417	399	331	510	363	529
NGO0418	19	25	73	51	15
NGO0419	89	161	162	123	184
NGO0420	1101	1144	1620	1711	1560
NGO0421	887	1320	1286	917	963
NGO0423	2235	3128	2966	2245	1965
NGO0424	4625	6436	6633	4469	4179
NGO0425	1619	1619	1884	1388	1426
NGO0426	2959	4545	4411	3778	3648
NGO0427	56	83	69	77	79
NGO0433	497	815	1038	685	623
NGO0434	549	990	948	557	709
NGO0435	1045	1362	1871	1183	1287
NGO0436	2437	3235	4051	3593	2417
NGO0437	2388	3359	3129	2577	2309
NGO0439	657	789	1507	598	804
NGO0440	1702	6985	6803	4309	3482
NGO0441	8252	10610	13015	10878	6488
NGO0442	6468	11381	9188	7595	7651
NGO0443	408	758	591	522	614
NGO0444	1547	3843	3259	2053	2997
NGO0445	24	48	95	25	37
NGO0446	60	80	183	44	26
NGO0448	48	57	121	73	85
NGO0449	1623	2438	1786	2121	2606
NGO0451	4428	6491	6297	4541	5254
NGO0456	1574	3338	2803	2376	3346
NGO0459	1560	1456	2147	2078	1577
NGO0460	3325	4301	3406	3074	3558
NGO0461	1380	1673	1659	1508	2022
NGO0462	727	958	1758	1023	795
NGO0463	51	39	26	42	63
NGO0464	102	85	67	76	106
NGO0476	755	669	555	609	1049
NGO0478	992	1132	760	817	1474
NGO0479	1018	1314	858	778	1719
NGO0489	49	14	31	15	10
NGO0491	50	31	62	37	38
NGO0494	91	60	61	56	27
NGO0495	885	336	310	374	270
NGO0496	304	164	85	100	112
NGO0497	484	141	114	200	93
NGO0498	543	170	96	193	112
NGO0499	110	14	14	17	12
NGO0500	194	25	19	50	23
NGO0502	150	35	50	37	37
NGO0503	108	43	45	61	35
NGO0504	64	20	25	24	12
NGO0505	20	4	13	2	0
NGO0506	105	21	18	37	10
NGO0507	57	18	7	29	27
NGO0508	34	5	14	17	2
NGO0509	1359	2518	1738	1266	2352
NGO0510	1160	423	354	539	418
NGO0511	67	51	52	49	65
NGO0513	17	6	23	13	7
NGO0514	11	8	12	3	4
NGO0516	2876	2891	3018	1889	2804
NGO0517	544	232	1117	400	212
NGO0518	72	32	46	59	37
NGO0519	108	56	59	49	58
NGO0521	28	5	7	12	5
NGO0522	292	148	104	126	136
NGO0523	1972	2230	3740	3108	1845
NGO0524	663	756	710	676	987
NGO0526	4631	5965	6491	5000	4234
NGO0528	170	208	203	179	218
NGO0529	372	482	464	374	393
NGO0530	1643	1599	1489	1369	1070
NGO0532	355	207	398	271	191
NGO0533	114	81	120	64	64
NGO0534	184	137	230	147	110
NGO0537	340	328	483	363	387
NGO0537a	2143	3437	2881	2306	3475
NGO0539	2381	2434	2627	1724	2146
NGO0541	446	429	603	297	273
NGO0542	483	303	688	396	280
NGO0543	1135	1039	1302	813	852
NGO0544	501	429	571	337	331
NGO0545	2158	2596	2249	1790	2048
NGO0546	2988	3604	3269	3131	2944
NGO0547	1622	1547	1888	1485	1506
NGO0548	1456	1063	1124	976	1304
NGO0549	1087	812	1018	812	1064
NGO0550	289	565	505	400	450
NGO0551	184	610	578	218	357
NGO0552	322	628	699	434	479
NGO0553	751	1019	1116	766	926
NGO0554	545	1497	927	511	4702
NGO0555	165	328	289	133	497
NGO0556	1445	2376	1370	1327	2295
NGO0558	283	564	475	326	527
NGO0559	181	229	167	127	208
NGO0561	4980	8307	5659	5888	8373
NGO0562	20309	30007	25606	17501	26805
NGO0564	21884	28336	23223	16993	26160
NGO0565	39565	64878	48784	31851	66124
NGO0566	6167	7787	6244	5543	6856
NGO0567	354	289	530	454	359
NGO0568	238	133	288	161	166
NGO0569	324	164	382	185	180
NGO0570	706	701	884	746	802
NGO0571	5190	6463	7144	5619	6772
NGO0572	3952	5724	5012	3893	5100
NGO0573	1489	1542	2075	1354	1922
NGO0574	2904	3717	3623	2553	4522
NGO0575	910	1371	1695	1102	988
NGO0578	627	616	869	499	619
NGO0579	1411	1669	1730	1166	1700
NGO0580	8666	11245	9946	8977	10763
NGO0581	8834	13638	8693	10398	10371
NGO0583	5711	6225	5548	5609	4793
NGO0584	9850	14336	11779	9163	10190
NGO0585	314	195	363	229	288
NGO0586	641	581	770	638	799
NGO0588	1963	3299	2297	2215	2111
NGO0589	1362	1551	1826	1835	1221
NGO0590	4900	5916	6139	4211	3983
NGO0590a	10	7	5	10	5
NGO0592	18164	26175	19177	18289	24192
NGO0593	1948	2619	2237	2081	2078
NGO0594	3675	4193	3963	2952	3653
NGO0595	1224	1143	1422	995	1337
NGO0596	2728	2742	3251	2148	3120
NGO0597	957	1019	1000	786	1156
NGO0598	3340	3219	3546	2959	3391
NGO0600	199	349	442	257	282
NGO0602	21	39	26	38	29
NGO0603	5562	5556	6884	5144	4582
NGO0604	66327	121287	81549	65964	97103
NGO0605	398	440	606	333	389
NGO0606	1621	1680	2735	2272	891
NGO0607	966	1179	999	1022	1210
NGO0608	5024	6048	6877	4439	7688
NGO0609	637	629	773	493	914
NGO0610	718	626	847	657	879
NGO0611	931	944	1071	736	1062
NGO0614	8451	12327	11771	8963	11039
NGO0615	2578	4161	3884	2596	3772
NGO0616	2264	1950	1562	2014	2300
NGO0617	5818	6759	5374	4977	7177
NGO0618	1564	2013	1393	1696	2030
NGO0619	2715	3023	2862	2210	2624
NGO0620	865	843	1288	950	747
NGO0623	2345	3575	2992	2081	3303
NGO0624	2416	3429	2985	1919	3377
NGO0626	1816	1941	1876	1415	2160
NGO0627	1113	1063	1360	884	1132
NGO0628	407	622	406	400	576
NGO0629	8655	9526	11266	7592	9441
NGO0630	425	611	930	657	466
NGO0632	1238	1511	2448	1708	1408
NGO0633	1374	1891	2542	1338	1649
NGO0635	483	1327	952	844	956
NGO0636	4794	5259	9200	4778	4836
NGO0637	833	1154	2238	1080	986
NGO0639	6012	15429	15795	9644	18768
NGO0640	588	1123	1059	796	749
NGO0641	243	207	280	289	236
NGO0642	670	602	883	460	534
NGO0643	383	449	420	307	421
NGO0644	309	318	431	327	341
NGO0645	3147	3036	2535	2700	3195
NGO0646	1712	1488	1291	1368	2041
NGO0647	307	366	475	354	458
NGO0648	2133	2129	2767	3021	1991
NGO0649	33	39	31	23	29
NGO0650	22435	39714	41108	32321	17476
NGO0651	238	223	183	196	185
NGO0652	5189	5939	4489	9873	8778
NGO0653	70	60	74	72	51
NGO0654	1806	1743	1684	1848	2073
NGO0655	1564	2196	1662	1389	2091
NGO0656	3954	5362	2895	3250	5333
NGO0657	1468	3116	2972	1625	2386
NGO0658	232	122	284	217	194
NGO0659	702	961	1218	813	630
NGO0660	4886	6659	5671	3920	5506
NGO0661	1749	2334	1830	1323	1712
NGO0662	3026	3697	4359	2372	3577
NGO0663	327	531	604	324	536
NGO0664	1279	1833	2664	1679	1972
NGO0665	3264	5544	5222	3177	4844
NGO0666	218	329	217	200	249
NGO0668	1120	1138	1502	895	968
NGO0669	592	785	966	456	544
NGO0670	786	848	1252	589	708
NGO0671	1327	1898	1776	1524	1349
NGO0674	5358	6787	5649	3995	5697
NGO0675	1176	1142	1008	709	1079
NGO0676	2948	3309	2162	1857	3403
NGO0677	1111	1510	1641	865	1544
NGO0678	287	139	478	229	207
NGO0679	5070	5271	6207	3761	6311
NGO0680	2420	2764	2196	2071	2996
NGO0681	365	409	732	361	372
NGO0682	1145	1305	1263	894	1140
NGO0683	993	1181	1542	728	766
NGO0684	1220	1130	1277	733	884
NGO0685	1195	1187	1770	1111	875
NGO0687	2140	1925	2056	1820	2508
NGO0688	1976	1784	1613	1224	1534
NGO0689	4532	4153	4040	3184	4297
NGO0690	2083	2224	2040	1844	2315
NGO0694	1260	3276	2957	2016	2376
NGO0696	655	626	748	638	773
NGO0697	1116	1148	1683	1110	1433
NGO0702	1192	1466	1218	1416	1590
NGO0704	828	1063	1613	936	826
NGO0710	326	249	254	222	283
NGO0711	169	211	190	158	213
NGO0712	2	19	20	13	15
NGO0713	1231	1479	2403	1556	1918
NGO0714	5169	8721	11448	5752	8089
NGO0715	6926	12405	9719	7571	13873
NGO0716	2746	2680	3605	2029	3675
NGO0717	4094	3819	4557	2655	5343
NGO0718	2476	2276	3475	1969	2839
NGO0719	2205	2917	3352	1819	3085
NGO0721	513	623	827	444	456
NGO0727	2	9	7	5	3
NGO0729	83	81	207	86	31
NGO0730	645	920	611	505	876
NGO0732	2247	2679	3053	2266	2855
NGO0734	522	874	782	537	923
NGO0736	55	136	47	93	77
NGO0738	151	187	289	163	133
NGO0739	1877	1652	2130	1603	1061
NGO0740	533	342	761	476	255
NGO0741	4813	5124	6574	4493	5536
NGO0742	1981	1863	1698	1704	1428
NGO0743	1463	1683	1900	1033	1301
NGO0744	875	963	1395	688	1073
NGO0745	70	33	100	31	30
NGO0746	461	425	682	353	488
NGO0747	307	264	454	270	299
NGO0748	275	245	389	261	264
NGO0751	121	223	212	178	189
NGO0752	201	214	247	174	238
NGO0753	977	1156	1319	1036	1141
NGO0754	125	116	153	122	97
NGO0755	673	624	697	856	627
NGO0756	588	508	639	465	460
NGO0757	3458	3631	3903	4450	4285
NGO0758	2323	4600	2367	1795	3225
NGO0760	403	544	753	440	399
NGO0761	354	423	636	387	332
NGO0763	1523	2388	1804	1253	1510
NGO0764	7579	9780	8661	7683	9612
NGO0765	608	455	523	540	588
NGO0766	4232	4859	4756	4092	5120
NGO0767	409	478	555	393	390
NGO0769	2531	3652	3972	2898	3747
NGO0770	1123	2036	1717	1145	1784
NGO0771	3313	5397	4332	3119	4603
NGO0773	1257	2246	1752	1519	1795
NGO0775	8042	8366	9320	6663	7376
NGO0777	19754	19168	22532	29341	25055
NGO0778	667	653	688	652	582
NGO0779	2896	3616	3129	2376	3201
NGO0781	3550	4753	4324	3473	3926
NGO0783	958	1350	1191	1109	1395
NGO0786	259	423	358	335	388
NGO0794	810	1005	1018	885	974
NGO0795	766	850	695	762	795
NGO0797	120	40	120	52	45
NGO0798	439	370	455	259	357
NGO0799	6655	8304	8001	6540	8716
NGO0801	3744	5358	4671	4193	4610
NGO0803	10755	21114	19780	12476	12862
NGO0804	389	321	435	339	442
NGO0805	114	115	197	111	103
NGO0806	71	78	71	60	86
NGO0809	2997	3600	3190	2506	3458
NGO0812	590	710	742	687	603
NGO0813	2559	3069	2933	2119	2066
NGO0815	4090	4847	4335	2862	4484
NGO0816	56	41	177	40	42
NGO0818	84	213	144	101	176
NGO0819	801	1280	1327	716	1147
NGO0820	914	1882	1841	955	915
NGO0821	6441	9305	8297	7010	7293
NGO0822	213	204	173	234	245
NGO0823	1285	2392	1985	1546	1808
NGO0825	1542	2138	1835	1353	1320
NGO0826	1327	1829	2397	1486	1203
NGO0827	1347	2041	1653	1129	1225
NGO0829	6114	8548	10056	5565	5194
NGO0830	1946	1615	1909	1598	1534
NGO0831	1013	720	1075	542	741
NGO0832	1219	935	1031	706	1068
NGO0834	1988	1950	1866	1324	1929
NGO0835	1674	1538	1477	1315	1610
NGO0841	342	466	625	385	387
NGO0842	604	798	722	450	871
NGO0844	1174	1564	1082	1093	1992
NGO0845	1014	517	673	631	681
NGO0846	919	555	709	677	708
NGO0847	1475	1613	1667	1458	2705
NGO0848	3056	1905	3082	2343	6235
NGO0850	976	1510	1234	974	1758
NGO0851	2917	2971	2584	2184	2981
NGO0852	114	97	179	127	84
NGO0853	55	33	47	51	43
NGO0857	168	128	339	184	154
NGO0858	552	448	555	544	513
NGO0859	210	196	297	204	186
NGO0861	1411	775	2056	1411	1311
NGO0862	1807	1985	2083	1847	2148
NGO0863	2046	1015	2067	1776	1547
NGO0865	206	446	431	265	555
NGO0866	2810	4130	3155	2328	5517
NGO0867	389	611	562	503	708
NGO0868	108	154	167	102	133
NGO0869	394	481	535	385	454
NGO0870	1690	2213	1833	1351	1888
NGO0872	2228	3237	3338	2140	2886
NGO0873	1433	2534	1749	1433	1992
NGO0874	1184	1704	1349	1051	1400
NGO0875	2294	2416	2856	2007	2163
NGO0876	158	126	304	133	135
NGO0880	108	458	563	171	246
NGO0881	179	405	261	182	360
NGO0885	18	75	38	31	13
NGO0886	115	231	215	110	73
NGO0887	102	160	230	124	94
NGO0888	434	524	768	352	363
NGO0890	3341	4100	5676	3221	2893
NGO0891	974	1742	1428	1177	1297
NGO0893	7162	9211	7503	5445	7759
NGO0894	556	639	685	504	469
NGO0895	54	105	110	112	135
NGO0896	28	24	45	31	18
NGO0899	3283	6722	5330	5142	3472
NGO0900	1418	1372	1171	998	1250
NGO0901	69	90	158	98	78
NGO0902	232	265	436	215	299
NGO0903	430	507	604	401	492
NGO0904	2894	2059	2532	2091	1655
NGO0905	2315	2000	1642	1328	1476
NGO0906	5800	5129	5087	4171	4383
NGO0907	140	153	142	134	152
NGO0908	20	13	33	21	22
NGO0909	195	437	243	187	371
NGO0912	7263	12332	8232	6049	10829
NGO0913	5270	13811	7078	4471	9485
NGO0914	495	1399	1077	527	913
NGO0915	11056	21314	13667	10077	15566
NGO0916	7457	15931	8026	6816	12138
NGO0917	21893	35840	24107	18234	27315
NGO0918	12066	14425	11032	9199	13592
NGO0919	1163	1083	1075	679	1030
NGO0920	2770	3626	3571	2241	2687
NGO0921	7314	14266	10044	6711	9345
NGO0922	199	252	377	224	196
NGO0923	1124	1117	941	811	1031
NGO0925	8967	8590	8473	10326	6901
NGO0926	26534	44505	29231	33376	35950
NGO0928	22284	42006	30145	23393	43871
NGO0929	6833	10859	8734	6333	9819
NGO0930	550	641	691	680	475
NGO0933	1523	1213	1864	1563	1509
NGO0934	447	432	526	357	517
NGO0936	5149	9023	5980	6699	7414
NGO0937	716	639	849	576	774
NGO0938	97	63	140	113	115
NGO0940	87	155	215	109	71
NGO0941	51	78	160	69	44
NGO0942	52	57	142	38	19
NGO0942a	1177	1475	1598	1166	1343
NGO0947	2440	3361	4485	2764	4157
NGO0948	5369	7298	6372	5136	8647
NGO0949	295	302	411	294	442
NGO0952	4747	7739	10707	6222	4563
NGO0956	3206	3024	2848	2767	2915
NGO0958	430	620	593	510	491
NGO0959	2477	2498	1919	2443	3602
NGO0960	528	714	893	650	386
NGO0961	311	514	543	369	256
NGO0962	1043	1520	1567	924	1330
NGO0963	3603	4223	4057	3125	3575
NGO0968	1575	1754	2343	1897	1641
NGO0969	223	207	322	135	134
NGO0970	755	896	981	782	863
NGO0971	378	416	515	298	395
NGO0972	771	610	788	561	568
NGO0973	617	841	904	581	931
NGO0974	1193	1534	1510	1144	1473
NGO0975	0	3	5	1	0
NGO0976	189	187	306	222	236
NGO0977	6112	15054	9007	6742	12301
NGO0978	11219	17619	19485	17210	16541
NGO0979	276	276	373	340	325
NGO0980	341	749	849	491	643
NGO0981	4844	11332	7159	8653	11757
NGO0984	464	530	663	459	446
NGO0986	1082	1940	2162	1721	1207
NGO0987	2290	4306	7175	4361	2472
NGO0988	2224	2823	2238	2124	3013
NGO0990	692	704	967	674	518
NGO0991	981	1151	1235	879	818
NGO0992	317	375	330	245	217
NGO0993	425	454	466	369	378
NGO0994	6805	6813	6554	6848	7542
NGO0995	735	864	956	754	1008
NGO0996	8616	11907	12559	7669	10965
NGO0998	1699	2988	3476	1904	2331
NGO0999	2097	4970	5635	2594	4274
NGO1001	79	106	132	97	63
NGO1002	13	6	25	6	8
NGO1005	515	625	793	572	536
NGO1009	140	139	213	170	150
NGO1010	393	668	472	402	480
NGO1011	238	286	330	232	303
NGO1012	700	1473	948	998	1490
NGO1013	259	489	397	393	465
NGO1013a	0	0	0	0	0
NGO1015	0	0	0	0	0
NGO1020	6	15	12	9	12
NGO1024	4561	10304	11707	7506	6159
NGO1025	488	427	492	462	548
NGO1026	1129	1558	1536	1263	1655
NGO1028	5179	5128	4945	4397	5717
NGO1029	2673	4547	4016	1754	7602
NGO1030	1960	2501	3179	2317	2039
NGO1031	1549	1873	2185	1562	1825
NGO1032	2062	3206	3466	2237	2265
NGO1033	686	482	976	565	519
NGO1040	16	40	38	27	39
NGO1041	1710	1352	1356	1442	1642
NGO1044	577	739	857	576	835
NGO1045	1228	1524	1507	979	1669
NGO1046	2740	3900	4943	2534	4571
NGO1047	2822	3731	2747	2961	4801
NGO1048	93	59	98	82	105
NGO1049	220	604	330	302	484
NGO1052	569	481	565	422	644
NGO1053	186	163	230	132	176
NGO1054	21	8	36	6	8
NGO1055	848	441	806	1033	786
NGO1056	2664	1842	2606	2227	2647
NGO1058	670	883	1088	756	851
NGO1059	2196	3133	2977	2592	2779
NGO1060	826	1145	1331	967	1220
NGO1061	456	648	612	457	604
NGO1063	825	821	681	589	874
NGO1078	1889	2179	2451	2064	1836
NGO1079	929	1150	1429	1114	947
NGO1080	462	427	560	653	479
NGO1081	4727	4956	5295	5046	4835
NGO1082	12133	26244	19436	10830	23427
NGO1084	144	416	239	224	293
NGO1085	400	419	463	412	326
NGO1086	0	2	3	0	6
NGO1088	12	7	24	16	11
NGO1089	37	26	40	21	42
NGO1090	292	277	276	178	327
NGO1092	135	224	343	153	294
NGO1093	8	9	12	6	6
NGO1094	5	8	3	1	5
NGO1097	442	301	288	180	253
NGO1098	64	103	115	47	91
NGO1100	9	2	11	5	3
NGO1101	14	6	36	8	14
NGO1102	4	0	4	1	2
NGO1103	0	0	1	1	0
NGO1104	5	0	3	1	2
NGO1117	1108	1274	911	1180	1754
NGO1118	299	248	315	225	361
NGO1119	18	18	37	35	29
NGO1132	74	15	18	16	17
NGO1133	2492	1153	2786	2205	1383
NGO1134	1843	1158	1643	1294	1136
NGO1138	75	110	107	65	70
NGO1139	3	3	11	3	2
NGO1143	21	30	26	40	27
NGO1144	3	2	3	1	2
NGO1145	3	5	10	8	11
NGO1146	4	35	32	16	15
NGO1147	2	5	4	3	0
NGO1148	202	209	206	240	174
NGO1149	1685	1589	1941	1329	1644
NGO1150	2349	2513	2911	2098	2284
NGO1151	170	73	321	151	64
NGO1152	2395	2646	1981	2143	2570
NGO1154	971	1322	1438	950	1142
NGO1156	641	1173	1062	808	1334
NGO1157	250	321	266	280	278
NGO1158	822	1232	1402	973	1422
NGO1160	837	1417	1304	903	770
NGO1161	399	540	538	545	575
NGO1162	65	298	205	75	135
NGO1164	24	34	14	45	47
NGO1165	75	92	102	62	70
NGO1173	52	107	74	63	84
NGO1182	2384	2824	1949	2802	4744
NGO1183	5450	8025	7571	4695	6076
NGO1185	49	64	45	45	66
NGO1187	335	326	444	324	510
NGO1188	1178	1886	2210	1149	1057
NGO1189	260	196	387	258	208
NGO1190	396	286	419	438	361
NGO1191	87	29	145	45	54
NGO1192	127	67	185	65	84
NGO1193	215	245	231	130	243
NGO1194	441	506	526	322	611
NGO1195	605	488	557	422	537
NGO1196	289	348	341	261	344
NGO1197	325	680	368	491	499
NGO1198	839	853	1147	802	794
NGO1199	901	1241	1414	897	1066
NGO1203	1114	1295	1559	1116	1507
NGO1204	589	678	1001	604	748
NGO1205	815	993	858	766	555
NGO1206	1779	3227	2610	2643	3120
NGO1207	1801	3040	2888	1656	2151
NGO1208	277	459	409	321	335
NGO1209	658	1394	952	819	892
NGO1211	33	51	22	37	50
NGO1212	5242	4830	5493	4729	5255
NGO1213	487	599	676	423	406
NGO1214	1501	1787	1998	1409	1493
NGO1215	2056	1670	1659	1798	2793
NGO1216	797	702	1056	766	672
NGO1217	1419	2182	2466	1524	1822
NGO1218	3646	7030	5676	3348	5270
NGO1219	719	1306	1597	848	853
NGO1220	351	439	1106	478	299
NGO1221	1918	2485	2413	2066	1928
NGO1222	446	731	1146	693	652
NGO1223	489	489	653	466	448
NGO1224	621	714	904	565	492
NGO1225	12883	15617	12194	15124	18241
NGO1226	892	1626	1270	742	1117
NGO1227	5544	10514	6408	4380	7144
NGO1228	1614	1857	1766	1684	1742
NGO1229	867	985	1261	883	827
NGO1231	22590	35941	28418	20556	31640
NGO1232	2081	3431	3156	2151	2394
NGO1233	9912	13957	9426	8733	16582
NGO1234	717	647	869	485	888
NGO1235	818	1385	931	574	1464
NGO1236	4704	8335	5955	3966	8646
NGO1237	5341	8130	7096	7043	8553
NGO1238	2048	3483	3165	1799	3149
NGO1239	1996	3531	2737	2057	3562
NGO1240	2610	4341	3747	2045	4539
NGO1241	1452	2005	2407	1121	2031
NGO1242	1627	2108	2780	1356	2408
NGO1243	1966	2581	2277	1698	3006
NGO1244	17	50	76	23	44
NGO1245	70	77	124	74	104
NGO1246	4093	8644	8800	7611	4452
NGO1247	387	323	357	383	401
NGO1248	47	75	103	103	94
NGO1249	368	492	496	510	443
NGO1251	985	3545	2940	1691	2080
NGO1252	572	1001	1196	773	768
NGO1253	2230	3991	2773	2667	3184
NGO1254	5008	6922	6087	4191	5782
NGO1256	326	533	368	333	403
NGO1258	2353	1834	1630	1875	2551
NGO1259	2030	1640	1703	1154	1424
NGO1260	449	400	550	254	287
NGO1261	317	246	365	240	211
NGO1262	22	49	22	56	39
NGO1273	241	160	352	217	193
NGO1274	485	557	564	359	571
NGO1275	1714	1915	1975	1937	1254
NGO1276	520	161	97	326	411
NGO1277	173	121	125	173	141
NGO1279	1206	1529	1780	1273	1465
NGO1283	3255	4330	3666	3252	4569
NGO1284	371	732	805	523	390
NGO1285	4452	10633	9330	4758	5020
NGO1286	14443	26007	27831	14213	14605
NGO1287	415	426	489	335	377
NGO1288	383	473	601	404	442
NGO1289	479	2373	1820	1590	2444
NGO1290	435	489	425	404	518
NGO1291	1965	3017	3133	2612	2324
NGO1294	200	257	199	221	358
NGO1295	7355	18847	19809	12160	6402
NGO1297	3303	3574	3107	2465	3740
NGO1298	226	180	237	150	178
NGO1299	323	487	535	334	549
NGO1300	595	1320	1657	906	1404
NGO1301	8	12	13	11	4
NGO1302	131	223	183	123	153
NGO1304	1109	892	890	991	1451
NGO1307	3675	7208	3699	3448	7190
NGO1308	8185	10266	9904	7985	10324
NGO1309	494	213	580	300	206
NGO1310	2079	2559	2921	2690	2807
NGO1311	667	733	747	707	820
NGO1312	250	500	1005	599	508
NGO1314	1986	3755	4032	2418	2237
NGO1317	142	208	171	156	154
NGO1318	1167	1472	926	791	2769
NGO1319	1273	1620	2099	1249	1216
NGO1320	1336	1862	2181	1294	1337
NGO1321	518	415	897	433	357
NGO1322	630	711	929	524	535
NGO1323	574	724	808	514	513
NGO1324	404	363	476	298	338
NGO1325	4598	6067	5049	3718	5434
NGO1328	3001	2353	2256	2284	2520
NGO1329	1101	853	884	816	698
NGO1330	1234	1232	1336	1113	962
NGO1331	655	868	1130	606	697
NGO1332	1613	2591	1974	2429	2632
NGO1333	1306	1353	1377	959	1156
NGO1334	1601	2246	2217	1681	2047
NGO1335	2342	2041	2272	2040	2726
NGO1336	9936	13506	11922	11865	11907
NGO1337	1100	1323	1605	1067	804
NGO1338	372	312	551	355	292
NGO1339	1220	1487	1638	1094	1254
NGO1340	1303	2405	2685	1790	2146
NGO1341	2438	2743	2747	1843	2397
NGO1342	380	529	664	328	527
NGO1343	791	1373	1208	780	1091
NGO1344	1593	2658	2644	1847	2120
NGO1345	2713	6599	6472	3651	4940
NGO1346	1191	1967	2007	1196	1622
NGO1347	1176	942	1843	1540	1111
NGO1353	622	783	974	999	628
NGO1354	663	769	892	820	508
NGO1355	2672	2232	1766	1943	1552
NGO1357	340	837	701	420	650
NGO1358	25702	33223	17297	17748	40329
NGO1359	19	13	11	18	15
NGO1360	128	141	229	183	113
NGO1363	1083	1182	1317	1048	1311
NGO1364	2266	2643	2682	1980	3235
NGO1365	485	541	615	406	816
NGO1366	41	38	39	32	26
NGO1367	40	73	23	72	92
NGO1368	1558	7663	4819	1691	3847
NGO1369	837	1073	978	736	988
NGO1370	316	357	381	368	289
NGO1371	5177	6032	5817	5290	5352
NGO1372	24	18	51	14	21
NGO1373	2142	2060	2479	1271	2098
NGO1374	6753	6789	6536	5944	7747
NGO1375	1081	1162	990	1121	1525
NGO1376	1103	1405	1160	1435	1809
NGO1377	1634	2446	3186	1385	3907
NGO1378	2695	3448	4488	2002	5801
NGO1379	3470	6037	5552	2750	9496
NGO1380	1022	1542	1554	1270	1518
NGO1381	755	1076	732	922	1416
NGO1382	1465	1587	1979	1410	2177
NGO1383	205	456	295	321	266
NGO1387	661	1256	902	857	1057
NGO1388	249	399	370	195	314
NGO1389	256	293	359	263	272
NGO1390	712	1099	818	767	980
NGO1393	2	2	3	1	0
NGO1394	27	57	30	51	45
NGO1396	703	543	620	599	665
NGO1397	799	1177	1255	1167	1181
NGO1398	85	119	127	92	117
NGO1399	81	171	129	80	77
NGO1403	4006	5258	4849	4200	4592
NGO1404	1585	3489	1867	2040	5111
NGO1405	617	1403	1255	764	2058
NGO1406	4600	8024	5504	4417	9897
NGO1407	1747	1940	1811	1878	2225
NGO1408	644	703	981	526	850
NGO1410	349	362	670	339	324
NGO1411	7497	7705	10594	8331	8496
NGO1412	40	108	46	73	74
NGO1413	2773	2428	2212	1739	2037
NGO1414	2024	2302	1746	1250	1516
NGO1415	1250	1582	1461	924	963
NGO1416	1225	1578	1548	760	1058
NGO1417	952	1522	1291	855	1016
NGO1418	2944	3927	3339	2418	2774
NGO1420	372	433	508	393	421
NGO1421	92	103	115	105	107
NGO1422	1595	1757	1857	1290	1963
NGO1423	714	1062	882	826	1108
NGO1424	2003	2403	2049	1643	1850
NGO1426	1078	1293	908	979	1102
NGO1427	238	374	537	209	331
NGO1428	1054	1013	1040	1187	890
NGO1434	3690	6491	6669	5893	6477
NGO1435	615	1284	1238	1026	1174
NGO1438	3945	4764	4761	4814	4994
NGO1439	1893	3639	4742	3353	3049
NGO1440	1466	4058	5686	3288	3196
NGO1441	155	243	342	187	261
NGO1443	2183	3206	4001	2245	3319
NGO1448	375	379	345	348	363
NGO1449	7310	7192	3940	3702	8249
NGO1450	673	490	881	768	445
NGO1451	132	179	243	156	149
NGO1452	2468	2379	2236	1922	2576
NGO1454	3830	3480	4309	3347	3013
NGO1455	2951	2857	2453	2451	2304
NGO1456	2028	1945	2080	1341	2905
NGO1466	4091	3498	3632	2931	3936
NGO1467	490	635	866	461	495
NGO1468	394	1076	941	675	869
NGO1470	2751	4052	2301	2098	4706
NGO1471	276	223	259	206	304
NGO1472	1375	1882	1367	1198	2883
NGO1473	4162	7811	8720	8273	8027
NGO1474	167	236	205	210	252
NGO1475	150	267	302	169	201
NGO1481	902	1512	1029	773	1050
NGO1482	703	734	782	491	529
NGO1483	1012	1804	1406	1037	1238
NGO1484	1724	2438	2485	2133	1987
NGO1485	2464	3418	3591	2693	3089
NGO1486	3117	3111	3757	2681	3669
NGO1487	6615	7726	7318	6141	8740
NGO1488	598	852	946	838	764
NGO1491	2921	4919	4390	3357	3060
NGO1492	3272	4182	4286	2990	2879
NGO1493	5496	4700	6522	6814	5103
NGO1494	17238	12576	8567	12021	13685
NGO1495	4867	11340	10343	3537	16011
NGO1496	2942	7130	6009	2332	13435
NGO1499	413	475	533	432	500
NGO1500	476	485	758	524	544
NGO1501	683	790	1105	691	789
NGO1502	1591	1900	2407	1330	1869
NGO1503	771	1238	1016	635	1178
NGO1504	2037	2661	2591	1801	2027
NGO1505	326	248	485	199	189
NGO1506	2106	2838	3485	1757	2082
NGO1507	1307	1439	1567	816	1231
NGO1508	3341	4807	4783	2857	3756
NGO1509	3689	5198	5179	3078	3888
NGO1510	7680	11920	9884	7177	9099
NGO1512	819	740	880	743	773
NGO1514	348	357	429	295	434
NGO1515	641	609	1200	554	424
NGO1516	1178	1303	1472	967	1195
NGO1517	718	816	865	672	794
NGO1519	1421	1734	1847	1591	1675
NGO1520	690	1053	909	741	925
NGO1521	83	113	112	90	104
NGO1524	26	69	55	35	50
NGO1525	56	82	82	60	53
NGO1526	43	63	91	54	46
NGO1527	2758	3558	3619	2560	2898
NGO1528	15818	19023	16333	13580	18869
NGO1529	4014	5100	5847	5001	4398
NGO1530	1091	1683	2119	1269	1225
NGO1531	2014	2281	2485	1861	1922
NGO1532	3974	5173	4781	3514	4051
NGO1533	2781	2715	3332	2488	2047
NGO1534	1547	1796	2931	1883	1452
NGO1535	2498	3571	4102	2762	2475
NGO1536	563	564	1168	742	430
NGO1537	1567	2401	2655	2011	1678
NGO1538	177	117	412	171	123
NGO1539	3318	4548	5735	3934	3413
NGO1540	984	1548	1955	1020	1085
NGO1541	2693	2958	3828	2400	2432
NGO1542	307	591	704	333	477
NGO1543	354	257	724	231	287
NGO1544	1952	3145	3539	2056	3369
NGO1545	562	1586	1409	688	1988
NGO1546	277	315	294	269	328
NGO1547	1644	1393	1782	1525	1410
NGO1548	1704	1192	1226	1483	1467
NGO1549	2266	1839	2323	2231	2371
NGO1550	2875	2567	2573	2181	2973
NGO1551	545	430	609	654	583
NGO1552	2955	8252	4452	2933	5600
NGO1552a	5939	12810	9586	4314	9127
NGO1559	1785	1635	2123	1694	2388
NGO1561	1532	2969	3133	2513	2292
NGO1562	623	885	1017	1143	879
NGO1565	1616	792	1480	911	953
NGO1566	1780	1176	1756	1301	1694
NGO1567	2471	1094	1656	1342	1962
NGO1568	1396	628	1190	658	1123
NGO1573	5104	6260	5095	4880	6416
NGO1574	640	874	1447	703	737
NGO1575	1981	3155	3072	2161	2791
NGO1577	59282	83768	64077	68484	95049
NGO1578	472	1007	695	500	845
NGO1579	4571	5229	5264	5502	5799
NGO1580	2461	3571	3953	2768	3450
NGO1581	3956	3733	3436	2841	3946
NGO1583	423	355	453	300	286
NGO1584	677	714	1491	525	791
NGO1585	2354	3025	3245	1742	2304
NGO1588	608	1474	649	696	872
NGO1591	523	1037	586	561	646
NGO1599	531	913	1057	620	816
NGO1600	5985	7084	5274	4644	8191
NGO1602	513	461	465	469	682
NGO1603	244	205	232	186	291
NGO1605	936	1136	1482	985	1080
NGO1606	657	670	1279	637	817
NGO1607	639	901	1195	585	912
NGO1608	1139	1567	2085	1415	1552
NGO1609	773	673	914	595	810
NGO1610	2144	2833	2162	1810	4066
NGO1611	966	1051	1014	652	1243
NGO1612	1601	1880	1750	1522	2225
NGO1613	789	1163	888	838	1468
NGO1614	118	52	67	73	56
NGO1627	4443	6412	5600	4964	6453
NGO1646	13	9	14	14	7
NGO1647	44	81	94	61	47
NGO1648	45	55	39	46	41
NGO1649	89	99	94	94	143
NGO1650	114	71	55	57	72
NGO1651	851	1149	1438	1561	1050
NGO1652	853	1055	1289	1197	885
NGO1653	148	257	464	316	284
NGO1654	1110	2362	2805	1473	1456
NGO1655	6187	11477	11291	8486	10110
NGO1656	11541	18813	15790	12437	18309
NGO1657	453	436	917	297	439
NGO1658	1054	490	3041	524	595
NGO1659	560	901	1819	977	740
NGO1662	1860	1800	1879	1503	1917
NGO1663	388	357	546	391	414
NGO1665	6150	8056	5675	5375	9510
NGO1666	4788	6058	4414	4080	5042
NGO1667	7498	9019	7172	6667	9955
NGO1668	1656	1933	1671	1341	2080
NGO1669	5697	8474	8398	6617	7802
NGO1670	1487	1765	2118	1626	1227
NGO1671	664	630	782	517	451
NGO1672	166	73	235	98	65
NGO1673	11226	14974	18647	12503	15241
NGO1674	808	1575	1491	949	1435
NGO1675	2935	5853	5394	3814	4485
NGO1676	8596	11836	10671	9461	11287
NGO1677	4402	3347	7005	3888	2445
NGO1678	2260	2146	2288	2302	2866
NGO1679	133	116	238	117	66
NGO1680	4020	2736	7386	3861	2247
NGO1682	596	716	659	399	395
NGO1683	561	512	662	410	417
NGO1684	395	341	937	887	383
NGO1685	449	177	584	638	205
NGO1686	1907	2351	2359	1505	2467
NGO1687	400	393	393	336	381
NGO1688	1130	3645	3584	1271	3746
NGO1690	1175	1434	907	1181	1341
NGO1692	671	740	1141	757	612
NGO1693	823	1506	1331	821	1216
NGO1694	125	272	298	186	226
NGO1695	3155	2990	2972	3082	3568
NGO1700	2269	3527	3436	2407	2814
NGO1701	2652	3521	3298	3184	4182
NGO1703	1247	2111	1656	1470	1781
NGO1704	8	19	13	12	7
NGO1705	48	99	52	47	36
NGO1706	675	952	813	537	1085
NGO1707	768	985	751	485	1056
NGO1708	1195	1630	1605	893	1657
NGO1709	814	830	837	667	907
NGO1710	1686	2442	1723	1424	1718
NGO1711	4253	4480	5234	3531	4368
NGO1712	501	373	763	481	385
NGO1713	1947	3271	3242	2247	2325
NGO1714	2619	2322	2369	2054	2601
NGO1715	7045	7768	9693	6729	7389
NGO1716	4037	8090	5851	5625	6444
NGO1717	2074	1500	1645	1652	2148
NGO1718	1276	2419	2509	1512	1389
NGO1719	654	651	967	538	417
NGO1721	798	843	979	732	736
NGO1722	1401	2052	1764	1081	1598
NGO1723	463	1025	780	572	878
NGO1724	315	335	471	300	348
NGO1725	523	596	744	488	593
NGO1726	157	119	108	113	161
NGO1727	567	746	645	703	739
NGO1728	349	269	521	365	298
NGO1729	693	562	365	541	528
NGO1730	749	968	1135	909	692
NGO1731	0	0	0	0	0
NGO1732	2170	2141	2838	1776	1620
NGO1733	381	528	642	348	287
NGO1734	57	44	192	68	42
NGO1735	650	1160	1476	652	847
NGO1737	1195	1149	1541	1369	952
NGO1738	1587	1822	2114	1979	1384
NGO1739	605	1121	808	820	656
NGO1740	1476	1685	2014	1784	1099
NGO1741	59	41	99	26	21
NGO1742	514	537	710	598	352
NGO1743	328	366	552	338	249
NGO1744	744	1042	1244	917	687
NGO1745	2757	3831	4059	3074	2485
NGO1746	1001	1095	1279	1049	706
NGO1747	547	392	502	449	215
NGO1748	968	732	1108	658	470
NGO1749	383	229	400	260	137
NGO1750	207	143	316	152	85
NGO1751	312	360	396	403	228
NGO1752	3066	3980	4398	3057	4179
NGO1753	2117	2956	2607	2285	2666
NGO1757	682	752	882	565	779
NGO1758	1212	1998	1683	1211	1982
NGO1759	10	14	26	14	8
NGO1760	55	143	79	41	127
NGO1761	587	775	690	652	690
NGO1762	16014	19021	17761	21217	24056
NGO1763	10179	10508	11728	8139	8254
NGO1765	108	160	105	91	156
NGO1767	13524	7454	12698	9802	12724
NGO1768	245	167	388	221	163
NGO1769	861	474	309	695	986
NGO1770	1933	2946	2447	1591	2680
NGO1771	257	330	321	228	255
NGO1772	6297	8650	7923	5612	8123
NGO1773	993	1203	1339	741	752
NGO1774	1077	1530	2369	1047	1223
NGO1775	96	107	224	97	76
NGO1776	738	1647	2019	951	1070
NGO1778	701	1035	1239	697	832
NGO1779	2661	2525	3686	3396	4123
NGO1780	271	290	518	273	465
NGO1781	954	1036	1345	762	1214
NGO1782	546	490	772	475	618
NGO1783	1308	1142	1446	1084	1168
NGO1785	8512	15221	13217	8514	12819
NGO1786	603	626	738	591	569
NGO1787	10549	13852	10528	11220	12129
NGO1788	2296	3437	3050	1905	2020
NGO1789	219	256	321	197	137
NGO1790	1153	1391	1745	1192	1457
NGO1791	486	414	819	443	639
NGO1792	62	65	155	67	54
NGO1793	111	96	204	96	97
NGO1795	424	444	432	366	513
NGO1796	5099	7268	5898	4869	8065
NGO1797	4656	6829	4872	3992	6589
NGO1798	2833	4193	4214	2283	3239
NGO1799	4248	6667	6490	3941	5454
NGO1800	3890	5020	5402	3207	3690
NGO1801	8259	10742	11874	7443	9786
NGO1802	1249	1061	1431	912	1181
NGO1803	2009	1895	2608	1702	2000
NGO1804	907	778	946	1034	1173
NGO1805	331	465	263	320	458
NGO1806	870	797	892	767	775
NGO1807	2243	3378	2313	1983	4297
NGO1808	1261	1978	1394	1174	2708
NGO1809	6483	9332	7475	5846	8993
NGO1810	448	674	684	467	639
NGO1811	601	794	1003	660	770
NGO1812	9040	18498	12062	12443	17514
NGO1813	5292	7776	6049	4362	8327
NGO1814	153	119	239	71	164
NGO1830	5134	8981	7905	3675	4434
NGO1831	130	179	308	79	113
NGO18311	7624	11014	13352	6891	8070
NGO1832	19621	37346	34695	22974	23557
NGO1833	4393	6876	8244	3378	3881
NGO1834	2354	2229	4327	1363	1567
NGO1835	30163	56524	57511	35855	31425
NGO1841	7633	5838	11297	5743	4883
NGO1842	56405	83498	85832	56096	55740
NGO1843	73583	119220	82495	63476	83932
NGO1844	7358	12505	9775	5305	8403
NGO1845	9545	16264	13714	10251	12588
NGO1847	88	130	133	143	187
NGO1848	3	4	1	1	2
NGO1850	43949	97687	74320	49629	54589
NGO1851	50998	125487	83252	56472	59738
NGO1852	6735	44171	18667	10874	18770
NGO1853	23613	62201	45288	29775	39433
NGO1854	21566	41196	33419	23636	31608
NGO1855	16439	26072	14398	18171	21895
NGO1856	3302	5097	6027	4341	3768
NGO1857	1044	1468	2071	1516	1016
NGO1858	78071	130341	118743	93524	92544
NGO1859	356	872	894	515	551
NGO1860	306	794	1006	403	528
NGO1861	327	712	728	663	443
NGO1863	4267	5444	5726	3530	4372
NGO1864	803	1677	1784	678	972
NGO1865	4389	5408	5689	3460	3738
NGO1866	4537	6230	6955	4543	4429
NGO1867	5106	10262	9320	4735	5339
NGO1868	521	1121	1089	334	518
NGO1869	5818	7246	8032	4322	4901
NGO1870	5647	5907	7451	4002	4360
NGO1871	9361	12344	11228	9376	13622
NGO1873	18588	19307	19460	17543	22548
NGO1875	1335	1643	2037	1253	1013
NGO1876	918	654	1317	684	503
NGO1877	5193	5803	6529	4873	4420
NGO1878	1349	1416	1644	1257	1480
NGO1879	66	107	131	88	91
NGO1880	2681	2363	5520	3077	3517
NGO1881	1824	3106	2525	2016	3211
NGO1888	146	148	206	96	94
NGO1889	1190	1410	1573	1070	1082
NGO1890	4323	9422	8280	6831	8133
NGO1893	555	730	449	521	857
NGO1894	922	1268	810	840	1473
NGO1895	832	1032	859	583	1033
NGO1896	1014	1625	1211	1190	1702
NGO1897	472	639	601	334	662
NGO1898	394	613	454	338	640
NGO1898a	214	326	297	250	312
NGO1900	6179	9302	6601	5400	11926
NGO1901	3758	5715	6524	3932	6416
NGO1902	1083	1213	832	998	1568
NGO1904	1117	1185	2075	1864	927
NGO1905	588	486	586	518	524
NGO1906	119	78	142	76	107
NGO1907	502	441	787	510	563
NGO1908	9935	14260	15498	9791	14995
NGO1909	10845	9021	11047	7661	10981
NGO1910	177	257	380	166	178
NGO1911	437	663	411	400	473
NGO1911a	15918	18956	20532	15815	19218
NGO1914	6752	7320	7870	6205	7792
NGO1915	666	1571	1338	592	914
NGO1916	575	832	929	595	626
NGO1917	1078	1477	1365	1088	998
NGO1918	3932	4369	6636	4267	4063
NGO1919	4320	3644	3878	3109	3973
NGO1920	830	1234	1868	1522	1421
NGO1921	1195	1134	1493	994	1276
NGO1922	1114	987	1269	856	1197
NGO1923	675	1073	1159	988	1215
NGO1924	505	435	526	518	478
NGO1924a	900	691	784	500	710
NGO1926	2226	2768	2520	1854	2635
NGO1927	163	126	292	144	116
NGO1928	296	323	385	255	271
NGO1930	576	1023	858	461	964
NGO1931	4041	4525	4601	3634	5584
NGO1932	131	233	163	125	200
NGO1933	1439	2329	3084	1400	1910
NGO1934	3289	5259	4842	3310	3860
NGO1935	6066	9198	8184	6263	6700
NGO1936	6959	9137	9663	7090	6716
NGO1938	41	35	33	35	55
NGO1941	65	280	235	77	93
NGO1944	1044	356	597	735	569
NGO1945	1803	670	773	901	1191
NGO1946	4685	1519	2094	2924	2743
NGO1948	10569	3040	4546	9325	5813
NGO1949	918	879	889	854	882
NGO1951	3024	3632	4114	3565	3058
NGO1954	1506	1481	1226	1160	1743
NGO1955	2839	4345	4286	2897	3514
NGO1956	3331	4732	3961	2776	4668
NGO1957	3236	3589	3674	2420	2652
NGO1958	1981	3483	2891	1844	2199
NGO1959	11	20	9	8	6
NGO1959a	95	104	107	97	83
NGO1960a	103	116	99	52	126
NGO1961	1788	3103	2465	1546	2994
NGO1962	345	246	253	237	367
NGO1963	1326	1512	975	1189	2156
NGO1972	79	98	92	146	93
NGO1973	538	452	791	485	510
NGO1974	15478	22920	18345	14320	17827
NGO1975	22478	27262	25250	23176	22643
NGO1976	120	119	175	116	104
NGO1977	335	299	457	284	412
NGO1978	89	189	284	139	200
NGO1980	6993	11529	7637	6132	10582
NGO1981	2874	4862	3691	6274	6831
NGO1982	79	79	133	65	71
NGO1983	949	2093	1948	970	2132
NGO1984	199	242	601	179	225
NGO1985	644	813	1364	654	872
NGO1986	1567	1463	2284	1133	1417
NGO1987	451	692	778	517	557
NGO1988	774	1469	1369	723	1227
NGO1990	2655	3973	4063	2505	3299
NGO1991	1556	2868	1858	1375	2328
NGO1992	1232	2478	1581	1181	1735
NGO1993	3778	5090	5260	3402	4072
NGO1994	1102	1102	1164	834	736
NGO1995	226	145	282	167	148
NGO1996	1114	1110	1404	976	904
NGO1997	4817	8649	5624	4952	7398
NGO1998	1530	1467	1797	1704	1683
NGO1999	1828	1908	1666	1926	2055
NGO2000	1586	4065	4708	2970	1834
NGO2001	4618	7586	11214	4874	3923
NGO2002	2139	3146	4005	1833	1564
NGO2005	136	342	239	84	213
NGO2006	23	35	74	17	26
NGO2007	151	282	270	103	252
NGO2008	136	269	291	72	202
NGO2009	509	729	887	399	532
NGO2010	2843	3205	3602	2251	2399
NGO2011	1072	3924	5843	2424	1248
NGO2012	771	2549	3537	1121	618
NGO2013	781	3312	3957	795	765
NGO2014	1786	5708	5292	1470	2484
NGO2015	508	546	761	467	632
NGO2016	7199	8603	8490	5589	6622
NGO2017	1421	2873	1150	1007	1918
NGO2020	8666	16510	11861	7586	13206
NGO2021	4338	5431	4418	3280	5218
NGO2022	646	545	714	305	645
NGO2023	1445	1478	2283	1371	1688
NGO2024	10316	11534	10340	11070	11758
NGO2025	11617	13879	10450	12117	13054
NGO2026	33	77	32	43	33
NGO2027	237	220	373	291	221
NGO2028	760	1169	1576	1100	906
NGO2029	2285	2373	2604	1873	2323
NGO2030	4871	5537	5395	4359	4658
NGO2031	5221	6270	4771	4428	4971
NGO2032	1937	3822	3760	2384	1893
NGO2033	133	142	159	140	73
NGO2034	299	687	845	363	325
NGO2035	440	739	750	590	678
NGO2036	305	395	411	308	329
NGO2037	138	119	305	161	105
NGO2038	984	1204	1036	755	857
NGO2039	1235	1281	1636	1021	866
NGO2040	1802	2326	2969	2415	1530
NGO2041	104	280	124	62	341
NGO2041a	32	64	83	52	51
NGO2043	140	173	199	141	140
NGO2044	2400	2434	2619	2117	2568
NGO2045	2238	2174	2441	1981	2347
NGO2048	2338	2877	2800	2112	2810
NGO2050	139	143	114	70	277
NGO2051	74	74	68	60	139
NGO2052	265	269	360	247	343
NGO2053	1369	1555	1685	1084	1735
NGO2054	32	15	47	30	42
NGO2055	144	198	174	127	163
NGO2056	2892	2876	3179	3046	3282
NGO2057	1603	1745	1638	1321	1657
NGO2058	969	1352	916	740	1101
NGO2059	14859	4143	6031	11109	7573
NGO2060	2060	3171	2667	1981	3180
NGO2065	886	1004	692	1002	1318
NGO2068	149	107	301	140	118
NGO2069	274	210	370	247	207
NGO2070	590	800	1101	576	706
NGO2071	1193	1918	1703	1058	1992
NGO2072	527	736	739	444	720
NGO2073	484	553	699	400	484
NGO2074	603	759	954	664	670
NGO2075	1335	1532	1513	1049	1095
NGO2076	260	328	302	226	346
NGO2077	547	703	629	457	697
NGO2078	300	415	882	340	427
NGO2079	608	719	644	520	502
NGO2080	388	358	455	211	251
NGO2081	1186	2519	1869	1525	1747
NGO2082	690	830	1164	538	600
NGO2083	1919	1655	1764	2230	1775
NGO2084	5201	6856	5649	6309	6587
NGO2085	473	550	833	749	506
NGO2086	211	435	381	281	534
NGO2087	228	357	280	211	317
NGO2088	41	105	85	26	93
NGO2089	82	148	123	43	149
NGO2090	170	327	261	90	279
NGO2091	193	486	340	146	460
NGO2092	249	568	428	163	668
NGO2093	250	3090	844	166	4075
NGO2094	7559	9039	9026	7342	12168
NGO2095	46627	72378	56101	37760	81353
NGO2096	6409	5598	4532	4963	5862
NGO2097	155	229	207	183	216
NGO2098	1624	2830	2069	1826	2264
NGO2099	58	28	115	49	35
NGO2100	441	534	675	458	556
NGO2101	296	340	312	250	338
NGO2102	848	1186	911	735	1386
NGO2103	5365	7287	5926	4943	7099
NGO2104	364	469	364	348	665
NGO2105	4221	7329	8946	4610	6512
NGO2107	1218	1547	2039	1391	1437
NGO2109	228	446	605	152	615
NGO2111	868	1243	1350	650	2603
NGO2112	6200	6562	8888	5209	6314
NGO2113	730	778	609	556	728
NGO2116	2116	3811	4576	2551	2552
NGO2117	1788	1822	2390	1713	1530
NGO2118	1303	911	1279	1121	857
NGO2119	2126	1819	2017	1679	1683
NGO2120	203	91	295	104	82
NGO2121	1306	1086	1453	1221	952
NGO2122	545	413	634	508	475
NGO2123	113	82	187	72	53
NGO2124	380	490	500	467	372
NGO2125	66	71	72	34	64
NGO2126	3539	3591	7432	5554	3033
NGO2127	644	1315	551	763	949
NGO2128	890	1308	1194	863	1335
NGO2130	1052	1742	1501	1178	1711
NGO2131	359	790	610	412	766
NGO2133	788	856	738	555	1129
NGO2134	10454	19929	15484	18213	16405
NGO2135	1383	1654	1750	1188	1565
NGO2137	809	900	982	786	798
NGO2138	150	416	359	158	254
NGO2139	8715	10569	8064	7723	12639
NGO2140	480	621	700	578	555
NGO2141	1306	1407	1498	1358	1780
NGO2144	3953	4924	7441	4085	3215
NGO2145	9859	6693	13463	10329	7146
NGO2146	10988	9821	11736	6256	8143
NGO2147	11954	18300	13860	11237	13200
NGO2148	44213	58290	45592	34705	43585
NGO2149	18294	30558	21270	17635	18802
NGO2150	35099	58326	42131	32313	39201
NGO2151	9727	9694	12683	9767	7887
NGO2153	1253	1321	1734	1065	1441
NGO2154	4666	5108	4391	3226	4982
NGO2156	1130	1715	1607	791	1347
NGO2158	1015	1254	1666	995	1015
NGO2159	897	2014	1893	1028	1486
NGO2160	366	346	381	281	304
NGO2161	1536	2971	2969	1982	2546
NGO2162	276	409	546	357	198
NGO2163	6490	8754	7708	6439	7606
NGO2164	10415	16964	13745	9281	13294
NGO2165	2114	2833	4365	1989	2459
NGO2166	1994	2230	2102	1677	2680
NGO2168	3650	4597	3997	3406	5155
NGO2170	137	157	169	83	91
NGO2171	671	774	1371	588	519
NGO2172	1207	1645	1735	1220	1341
NGO2173	580	294	1518	499	261
NGO2174	2634	6289	3461	2832	3033
NGO2175	619	755	1640	731	852
NGO2177	699	1009	1299	738	889
NGO2178	3566	3685	5034	3326	3498
NGO2180	524	789	891	581	475
NGO2182	2779	2367	5282	3991	2066
NGO272a	53	84	107	66	75
