NGO0001	11132	17659	10754	8266	8716	11280
NGO0002	9750	13806	7582	5466	8434	9840
NGO0003	4720	3009	2588	1364	3269	2084
NGO0006	18124	15291	12522	5378	15450	11231
NGO0007	600	725	565	245	273	773
NGO0011	2857	8555	3445	3027	1624	5642
NGO0016	6639	11958	8627	5617	2301	8987
NGO0017	4657	7918	5008	3877	3080	6952
NGO0018	1551	5109	2104	1714	1511	3351
NGO0019	3023	8193	3232	2698	3429	5329
NGO0020	675	1892	654	652	529	1523
NGO0021	65	59	51	35	62	37
NGO0022	64	96	78	53	56	84
NGO0023	57	85	60	50	38	86
NGO0025	370	400	483	258	470	345
NGO0026	3362	6736	2962	2629	2687	5270
NGO0027	2025	2587	1619	1382	1381	2276
NGO0028	615	482	459	372	387	402
NGO0029	3242	5177	2849	1662	2742	4183
NGO0030	1761	1868	1352	1073	1035	1414
NGO0031	500	370	328	317	596	234
NGO0032	3512	3221	3158	2018	2292	2230
NGO0033	422	875	457	314	185	549
NGO0034	14050	20083	12709	8444	6813	19140
NGO0035	983	1411	969	680	928	837
NGO0036	12443	19896	11335	9114	7842	14977
NGO0037	4495	2690	3091	1282	2819	1758
NGO0040	8357	16286	7868	5436	7050	11669
NGO0042	1288	1085	1098	629	850	1014
NGO0043	2629	2037	1853	1263	1701	1437
NGO0044	10219	13965	7609	5886	7291	10183
NGO0045	4545	3216	3135	1921	4208	1287
NGO0047	5291	6807	5340	2900	2529	4647
NGO0048	23007	30377	18661	12647	20030	26204
NGO0050	800	1157	954	589	388	1247
NGO0053	5978	7001	5394	3161	3983	5094
NGO0055	47712	77369	32998	26731	22753	46138
NGO0056	16664	19547	13085	8542	9786	14757
NGO0057	2233	3618	2340	1752	1706	1016
NGO0058	17733	42622	22225	11571	17078	18627
NGO0059	959	1914	867	985	777	676
NGO0060	3362	3032	2815	1847	2563	1319
NGO0062	18416	37894	14057	8949	15919	32294
NGO0063	8775	14791	7556	5685	10154	8776
NGO0065	1714	1542	1526	860	1098	1147
NGO0066	6354	8223	4350	3355	4288	6849
NGO0068	4514	7035	3932	2610	2971	4744
NGO0069	21621	31505	17241	11597	17285	26336
NGO0071	1346	2268	1244	1051	825	1460
NGO0072	5840	10359	5622	4035	4010	6692
NGO0072a	218	191	153	189	135	190
NGO0073	1042	1351	891	604	676	961
NGO0078	8453	11378	7228	4512	6318	8108
NGO0079	128	229	107	325	85	127
NGO0080	270	341	346	158	295	391
NGO0081	1883	2835	1569	1241	919	2195
NGO0082	444	985	506	441	350	1411
NGO0083	937	1609	883	744	647	1563
NGO0084	1544	2479	1479	971	1242	2051
NGO0085	1951	3036	1596	1244	1394	2820
NGO0086	1519	1690	1053	628	1166	1457
NGO0087	2361	2891	1569	1053	1770	2801
NGO0088	2363	2805	2129	1560	1956	2275
NGO0089	2088	2296	1599	902	1242	1981
NGO0090	530	434	498	337	384	370
NGO0091	3331	5307	3049	1963	1783	4342
NGO0092	5324	5187	3349	1948	4483	3806
NGO0093	1233	1707	1004	592	731	1487
NGO0094	98813	124578	65302	39300	68950	96035
NGO0095	15884	16830	10959	5708	12911	14165
NGO0096	13919	16177	11205	7243	8241	14815
NGO0097	18769	19610	15155	7213	15888	15903
NGO0098	58080	91233	56662	29482	33110	77191
NGO0099	5379	7877	5808	3275	4381	3942
NGO0100	2928	3728	2931	1202	1327	2565
NGO0101	9636	21886	9939	5562	5214	15919
NGO0102	6079	9519	6164	4016	4233	5762
NGO0103	2710	4594	2218	2236	1921	3140
NGO0104	1728	2218	1817	1387	1845	1545
NGO0105	848	2527	1025	1043	404	1980
NGO0106	13232	16530	10471	5733	10512	14136
NGO0107	4091	6411	3620	2505	2783	4613
NGO0110	404	637	453	279	247	216
NGO0112	349	745	400	271	387	373
NGO0113	5685	10557	5764	4030	3549	7449
NGO0114	3216	2897	3761	4133	3984	1995
NGO0116	25490	48946	23546	13471	22614	49438
NGO0117	3476	5981	3391	2474	2067	4244
NGO0118	3105	3630	2517	1988	2676	2588
NGO0119	612	492	736	437	373	391
NGO0121	458	991	767	302	429	702
NGO0123	1261	1935	1265	849	768	1317
NGO0124	482	1179	700	501	207	830
NGO0125	110	130	95	78	202	107
NGO0125a	310	373	360	204	250	283
NGO0127	1473	3677	1443	1414	1466	1750
NGO0129	2677	4074	2212	2234	1996	2624
NGO0130	1660	2171	1372	1149	1251	1427
NGO0131	1092	2014	1226	990	403	1825
NGO0132	1225	1713	1129	876	538	1409
NGO0135	1086	1100	871	551	538	1269
NGO0136	3802	6082	3375	2602	1777	5733
NGO0138	7614	9207	7150	3687	4037	7866
NGO0139	1889	2493	1657	1016	1194	2063
NGO0140	520	351	489	249	409	269
NGO0142	33241	69836	28907	16003	27828	58585
NGO0143	3037	5790	2681	2135	2244	3657
NGO0144	3047	3313	2678	1374	1621	2716
NGO0145	1685	1819	1601	900	1010	1552
NGO0146	5896	10173	5736	3546	3588	8368
NGO0149	5764	5709	4175	2704	3052	4780
NGO0151	2817	5201	2897	2599	1209	4600
NGO0152	195	340	222	272	191	285
NGO0153	652	1075	678	639	411	747
NGO0154	831	1602	809	516	498	1166
NGO0156	5605	11772	5067	3897	3625	6326
NGO0158	12912	14118	8438	4897	9533	8735
NGO0161	133	281	193	56	92	145
NGO0165	69	266	133	81	14	242
NGO0166	71	175	97	64	75	116
NGO0168	3226	7240	3304	2593	1657	5437
NGO0169	297	351	332	261	274	332
NGO0170	2524	5149	2896	1693	1236	5273
NGO0171	19800	13795	16581	8106	13862	12354
NGO0172	12989	12039	11293	7647	12567	9876
NGO0173	17799	15605	15767	9752	14419	11409
NGO0174	6149	7600	6496	6819	1285	7631
NGO0176	2135	2557	2087	1881	1020	2215
NGO0177	15591	21254	16205	11979	10669	17039
NGO0178	2078	1847	1531	911	1058	2082
NGO0179	75	19	41	20	54	36
NGO0180	706	815	605	440	324	870
NGO0181	1459	833	1291	666	659	919
NGO0182	2357	2501	1795	1390	1573	2081
NGO0183	907	1196	964	803	358	981
NGO0184	1939	2608	1649	1091	1102	2426
NGO0185	2636	3735	2329	1750	1224	3411
NGO0186	65117	158331	64145	49483	57014	137869
NGO0187	804	1282	1046	547	802	870
NGO0188	9884	23415	10083	5968	3800	19639
NGO0189	20894	29876	16574	11395	15489	21383
NGO0190	8737	12340	6671	4690	6382	9697
NGO0191	21398	34600	23976	10424	7078	23246
NGO0195	4339	3737	3640	1779	3078	3197
NGO0196	2478	3015	2275	1533	1264	2778
NGO0197	1268	2448	1240	1041	679	2496
NGO0198	14870	41982	11321	6126	11216	37689
NGO0199	9030	6858	6647	4055	5444	5918
NGO0200	74864	124676	54526	42527	64297	93500
NGO0201	486	1061	525	352	318	698
NGO0202	1599	4864	1624	1356	1593	2331
NGO0203	641	873	538	388	327	795
NGO0204	843	1611	813	676	954	1116
NGO0205	1600	2745	1462	921	829	2133
NGO0206	22951	30452	17332	8950	12666	26580
NGO0207	5084	6659	6872	1822	5734	5261
NGO0208	11426	25272	9630	7237	11810	16961
NGO0209	4238	5199	3223	2391	2365	4355
NGO0210	850	1072	586	432	549	900
NGO0211	1954	2404	1214	1142	1568	1958
NGO0212	3794	5029	2573	1986	2685	4340
NGO0213	2223	3156	1677	1187	1637	2398
NGO0214	26266	32955	16224	10938	25284	25082
NGO0215	2800	2960	2560	1603	2069	2229
NGO0216	3026	2525	2841	1477	2087	2112
NGO0217	100406	40982	82090	19603	116946	27492
NGO0219	14607	13479	8172	5076	11524	12097
NGO0220	6241	7415	3723	3097	3296	6271
NGO0221	1302	1166	971	571	986	1194
NGO0222	382	247	378	382	310	201
NGO0223	15635	24820	13991	8633	8606	23131
NGO0224	1258	2069	1193	906	685	1451
NGO0225	3228	4550	2973	1928	1889	2406
NGO0226	2602	5402	2777	1055	2776	1991
NGO0227	135	138	163	100	283	69
NGO0229	1185	1979	1276	504	829	1044
NGO0230	1691	1358	1347	774	972	1279
NGO0231	1515	1678	1192	1033	975	1225
NGO0232	2108	3347	1684	1268	1304	3321
NGO0233	19437	24300	16115	7202	11412	29028
NGO0234	1903	839	1407	684	1334	764
NGO0235	6185	3868	4400	2826	3750	3099
NGO0236	10925	14695	9063	6222	6731	12012
NGO0237	1075	2230	1137	894	552	1872
NGO0239	1139	1946	900	964	848	1473
NGO0240	32059	64222	26263	16540	24444	49940
NGO0242	2649	5231	2714	2241	1887	3810
NGO0243	4328	8778	4599	2420	3915	5438
NGO0244	421	759	584	433	228	602
NGO0245	3907	4934	3335	2532	3743	3636
NGO0248	4882	10039	5102	4185	4096	4895
NGO0249	13532	23398	12518	8568	9304	14068
NGO0250	3033	4020	2985	1275	1164	3792
NGO0250a	520	647	493	692	565	386
NGO0255	1104	1178	862	575	718	614
NGO0256	1594	1411	1290	518	679	1310
NGO0257	1999	2153	1363	1003	1489	1687
NGO0258	804	556	1054	684	366	496
NGO0259	2714	1998	2374	949	1896	957
NGO0260	1238	1644	1049	897	1482	683
NGO0261	953	2010	702	553	615	1733
NGO0262	477	905	359	302	310	703
NGO0263	9956	27202	9280	6252	5889	26133
NGO0264	1127	1077	1094	700	943	1026
NGO0265	4365	4762	3432	2135	2889	4119
NGO0266	5860	7862	4723	3312	3305	5680
NGO0268	3501	5671	3109	2230	1996	5449
NGO0269	9290	11859	7295	5271	9287	9489
NGO0270	3222	5799	3359	1941	1391	5748
NGO0271	1692	2265	1757	937	1142	1804
NGO0272	5615	9306	5221	3687	4364	7279
NGO0274	8992	18285	8357	6328	7046	14799
NGO0275	12823	26857	14402	8075	8796	20192
NGO0276	1647	3203	1538	1933	1642	1886
NGO0277	11847	19073	10639	5933	6208	17716
NGO0278	2347	4349	2152	1646	1769	2953
NGO0281	2025	3238	2371	1652	2140	2271
NGO0282	1644	3760	1568	1324	1110	2318
NGO0283	4494	6739	3625	3646	5013	4297
NGO0284	5139	9279	5350	2641	2947	8109
NGO0285	2253	3845	1905	1499	1847	2988
NGO0286	2894	6019	2749	2357	1765	3608
NGO0288	12947	20740	11754	11041	7408	15408
NGO0289	1577	1056	1354	632	794	918
NGO0291	4874	10864	4377	4406	5302	4843
NGO0292	1103	2090	1021	707	368	1417
NGO0293	2780	3922	2453	1436	1562	3612
NGO0294	4797	8415	4729	2895	3296	6307
NGO0295	23211	40246	23148	17117	13291	23391
NGO0296	10185	10495	9229	6603	5118	10898
NGO0297	12717	12944	12461	6138	7501	8047
NGO0298	13687	13615	11140	10424	6660	11847
NGO0299	3986	6689	3573	2008	2167	4558
NGO0300	311	317	399	219	248	211
NGO0302	7	4	13	18	15	1
NGO0303	2191	2747	2725	1052	1227	1975
NGO0304	15455	17970	13254	8703	14518	12314
NGO0305	1939	1940	1952	1359	935	1304
NGO0306	1279	1073	976	990	1738	697
NGO0307	393	696	677	371	239	563
NGO0308	1101	2239	1148	1025	934	1138
NGO0309	278	484	223	249	259	300
NGO0310	206	442	220	255	203	309
NGO0312	3176	6832	3518	2156	2740	4072
NGO0313	5101	8320	5260	3137	5389	5869
NGO0314	5012	4697	4873	2023	3859	2984
NGO0315	4559	4577	4430	2306	3828	3824
NGO0316	1447	1661	1214	752	650	1557
NGO0317	831	1370	843	653	644	1327
NGO0318	10894	38939	13499	14991	6778	13472
NGO0319	461	442	508	205	224	359
NGO0320	1198	1325	1088	725	655	798
NGO0321	4134	6438	3869	2405	3032	5084
NGO0322	30974	43009	43441	24086	18852	28070
NGO0323	501	534	448	231	160	430
NGO0324	202	198	194	173	102	195
NGO0326	23567	49808	26296	14025	5529	42410
NGO0327	1817	2692	1724	1178	939	2291
NGO0328	1577	4061	2572	1250	1390	2373
NGO0329	830	1547	845	778	788	835
NGO0329a	2389	4046	2632	3610	1001	4931
NGO0331	568	716	711	327	465	571
NGO0332	6282	7126	5719	2630	4290	4428
NGO0333	6439	19616	7514	4234	6115	14059
NGO0335	81275	81824	52868	28963	68630	61723
NGO0336	512	1242	468	317	213	1069
NGO0338	2813	5618	2815	2044	2184	3616
NGO0339	982	1688	1009	824	771	1291
NGO0340	67979	65764	28989	24036	53867	37926
NGO0343	3649	5686	2874	2582	2332	3765
NGO0344	16037	19292	13127	8691	9520	15055
NGO0345	3050	6447	3174	2485	1491	5216
NGO0346	26123	72721	26423	21435	25731	38384
NGO0347	9105	21520	8891	8830	10589	10480
NGO0348	2189	2218	1658	1346	1952	1627
NGO0349	6946	8512	6434	3874	5394	6803
NGO0350	346	320	326	378	321	242
NGO0351	9006	15637	8515	4503	4139	15549
NGO0353	2274	4704	1899	2177	1911	4554
NGO0354	1605	2641	1524	1262	705	2736
NGO0355	2166	3937	2560	1132	1285	1958
NGO0356	951	1690	1152	706	677	1021
NGO0357	1387	2483	1512	695	675	2175
NGO0358	1296	1635	1258	669	856	1172
NGO0359	1106	1243	947	975	919	958
NGO0360	8353	13364	7234	5203	5126	9646
NGO0361	6633	8268	5494	3386	5080	6531
NGO0362	6453	4384	4589	1979	3973	3954
NGO0363	8471	12768	8287	2962	5293	10786
NGO0364	2481	3498	2710	946	1598	2730
NGO0365	4008	6132	4396	1741	2415	4994
NGO0372	25333	31427	17776	10767	18072	16170
NGO0373	4675	4202	2837	2065	3486	2473
NGO0374	7317	8823	4902	4239	4665	4609
NGO0375	8444	17316	6506	5565	7403	16766
NGO0376	9452	12372	10669	6444	4730	14354
NGO0377	3155	6401	2914	1775	2876	3747
NGO0378	175	106	121	118	122	164
NGO0379	1617	2174	1385	772	823	1975
NGO0380	105	80	140	158	101	108
NGO0381	1401	935	1157	706	721	972
NGO0382	23714	24684	20251	11417	14762	19073
NGO0383	1557	3050	1662	1435	1047	1983
NGO0384	3138	5812	3427	2337	2382	4138
NGO0385	8139	21739	8063	8560	7586	11799
NGO0386	4438	8281	4754	2886	2899	7396
NGO0387	3562	6618	2873	2734	2240	6158
NGO0388	6063	13132	5602	3811	3914	10022
NGO0389	2493	3914	2286	1481	1469	3939
NGO0390	1393	1421	1277	787	687	1215
NGO0391	1600	2624	2012	1546	646	1926
NGO0392	1580	1939	1402	1139	716	1654
NGO0393	4290	4331	3755	2228	2680	3677
NGO0394	3596	4728	3276	2428	2394	4049
NGO0395	2506	4160	2607	2033	2305	2061
NGO0397	18912	22771	17572	10475	15656	12238
NGO0398	17121	24227	12910	8731	14042	18156
NGO0399	8883	8627	8602	5397	2988	7274
NGO0400	5248	12079	4719	4186	4232	8193
NGO0401	3140	4610	2701	1683	2821	3018
NGO0402	2922	4856	2329	1873	2693	3217
NGO0403	4042	5286	3164	1900	2277	5256
NGO0404	1682	1753	1205	807	839	1887
NGO0405	1458	1981	1312	682	1004	2048
NGO0407	5311	8623	4566	2912	3834	7364
NGO0408	5405	7299	4387	3461	3018	6002
NGO0409	554	733	645	473	277	617
NGO0410	78411	105636	79004	25357	24101	64780
NGO0411	2743	3695	2444	1684	1519	2625
NGO0412	3412	6989	3974	2872	1751	4702
NGO0413	4196	6310	3800	2427	2718	4493
NGO0414	3829	6524	3357	2715	3206	5073
NGO0415	8213	14050	7191	6422	5152	9521
NGO0416	4867	8474	3816	2722	2631	5845
NGO0417	1135	2020	1167	834	708	1787
NGO0418	68	114	79	83	22	46
NGO0419	314	353	285	199	171	341
NGO0420	2771	5146	3293	1987	1395	3217
NGO0421	2119	3231	1807	1015	1066	3327
NGO0423	6114	5735	5163	2133	3534	5261
NGO0424	8243	10011	6859	5158	5036	7910
NGO0425	3494	4559	3011	1920	2474	4419
NGO0426	7504	13410	6948	5133	5525	9452
NGO0427	173	461	229	127	93	301
NGO0433	1098	2588	1173	1104	830	1798
NGO0434	1814	1837	1461	929	1047	1847
NGO0435	2537	3547	2306	1442	1385	3174
NGO0436	4674	10220	4265	3712	2777	5931
NGO0437	6526	10611	5334	3388	4614	7404
NGO0439	1268	2355	1367	1358	664	1456
NGO0440	10342	13184	9946	7181	3275	3863
NGO0441	20130	33224	16960	11493	9135	23672
NGO0442	32810	19492	20416	8917	23856	17929
NGO0443	1414	2095	1361	611	665	1658
NGO0444	4014	9350	3572	2918	3693	4684
NGO0445	142	106	139	110	65	76
NGO0446	94	131	100	149	59	82
NGO0448	195	895	344	321	221	526
NGO0449	7389	18035	9729	4138	3508	13138
NGO0451	10790	19636	11318	7431	5949	11656
NGO0456	7173	13304	9127	4267	4477	9535
NGO0459	3095	7954	3491	2503	1597	6043
NGO0460	8815	13230	7768	4337	5528	11507
NGO0461	4628	7315	4775	2415	2251	8097
NGO0462	1639	2924	1995	1255	1277	1203
NGO0463	132	269	128	62	72	183
NGO0464	233	386	273	137	188	194
NGO0476	2267	5959	2692	1944	1244	4625
NGO0478	1702	3571	3188	1508	1137	2113
NGO0479	2151	6135	2795	1837	1444	2854
NGO0489	35	61	32	30	20	54
NGO0491	74	339	94	122	43	173
NGO0494	54	129	48	60	24	121
NGO0495	773	1310	415	359	317	1253
NGO0496	436	825	206	128	166	891
NGO0497	467	663	201	113	213	675
NGO0498	466	584	203	132	202	774
NGO0499	78	84	21	35	22	86
NGO0500	94	114	46	34	57	163
NGO0502	95	139	41	48	34	206
NGO0503	84	168	81	60	42	174
NGO0504	55	72	49	33	18	77
NGO0505	9	21	5	15	4	16
NGO0506	55	74	29	31	46	130
NGO0507	65	72	38	30	12	86
NGO0508	21	36	4	10	12	36
NGO0509	5114	13329	6806	5797	4105	9625
NGO0510	1217	1751	712	425	515	1823
NGO0511	233	496	264	144	262	431
NGO0513	21	39	30	29	34	46
NGO0514	21	21	14	14	21	18
NGO0516	5295	8011	5156	4511	4031	5271
NGO0517	925	1735	968	2314	637	1169
NGO0518	108	223	116	118	81	192
NGO0519	195	245	129	101	116	221
NGO0521	11	32	14	17	7	32
NGO0522	390	531	218	175	168	517
NGO0523	3714	9414	4597	3034	1677	8280
NGO0524	1703	4164	2009	1734	1090	2968
NGO0526	12590	26850	12146	6144	7300	27402
NGO0528	360	842	338	232	282	731
NGO0529	1096	1999	936	787	829	1537
NGO0530	3982	4383	3366	1754	2868	3472
NGO0532	466	688	411	376	229	596
NGO0533	249	338	220	175	144	289
NGO0534	465	865	438	458	339	765
NGO0537	955	1704	1015	832	520	1636
NGO0537a	3981	8739	4618	3148	2803	6317
NGO0539	4900	8196	4547	3289	3121	5990
NGO0541	654	1025	665	461	463	793
NGO0542	698	1377	730	724	273	1114
NGO0543	2465	2796	2169	1257	1652	2406
NGO0544	812	873	734	371	540	722
NGO0545	5066	4929	4625	1974	2667	5585
NGO0546	5807	8872	5250	3137	3841	9467
NGO0547	3159	3976	2689	1869	2035	3761
NGO0548	3093	5130	2740	2020	1792	4021
NGO0549	1580	2853	1603	1380	1047	2187
NGO0550	676	1689	750	647	529	928
NGO0551	683	1662	479	938	567	886
NGO0552	944	2020	828	841	814	1100
NGO0553	1488	2253	1498	1026	896	1788
NGO0554	6432	8996	9063	4227	6692	7035
NGO0555	761	592	784	390	550	381
NGO0556	3131	3895	2050	1422	2127	3915
NGO0558	917	2118	918	760	506	1186
NGO0559	240	457	261	207	206	345
NGO0561	16720	22784	17149	7717	9744	13450
NGO0562	54835	54749	32575	17083	50527	36627
NGO0564	50607	55249	24123	15935	51203	37762
NGO0565	130670	128106	71308	45119	115434	95657
NGO0566	16626	22859	12947	8437	13564	19065
NGO0567	643	1917	719	433	311	1249
NGO0568	502	940	651	856	435	1025
NGO0569	739	1672	905	1518	496	1493
NGO0570	2008	4128	2864	2119	1089	3916
NGO0571	10432	20348	10815	8167	5773	15974
NGO0572	10438	12979	9809	6239	8528	10654
NGO0573	3007	3521	2710	1751	1784	3993
NGO0574	16474	21895	16068	7257	10732	18700
NGO0575	3136	3286	2443	1569	1177	2701
NGO0578	1253	2020	1283	868	665	2257
NGO0579	2669	4974	2867	2125	2174	3250
NGO0580	19266	30162	15375	10529	11656	26063
NGO0581	23265	28372	18233	8902	13919	21351
NGO0583	9316	10963	7500	3863	4465	8539
NGO0584	20441	21300	14905	9967	20143	16820
NGO0585	671	1090	714	643	296	1035
NGO0586	2340	3701	2213	1470	1504	3171
NGO0588	3519	6102	3402	1813	1870	3703
NGO0589	3876	7543	3373	2682	1711	6477
NGO0590	8574	11863	7189	5162	5454	8844
NGO0590a	28	36	36	18	29	47
NGO0592	49881	66364	41543	23116	37100	57132
NGO0593	8272	8566	6699	3190	4146	8220
NGO0594	7173	9326	5953	4016	5501	8947
NGO0595	3779	3364	3387	1810	2311	4063
NGO0596	6571	10297	6140	4312	5010	7287
NGO0597	3510	5117	3784	1687	2345	4740
NGO0598	10113	16060	10579	5419	6114	12764
NGO0600	472	802	518	304	365	494
NGO0602	401	934	385	150	307	419
NGO0603	8915	7705	4358	4208	7650	7326
NGO0604	132825	137142	90588	58630	99043	123579
NGO0605	1020	1319	806	662	655	1217
NGO0606	3311	4465	3587	2270	2065	3072
NGO0607	1920	2729	1536	905	938	3855
NGO0608	13830	20216	12152	9804	7812	17931
NGO0609	1355	3135	1597	1350	2383	1982
NGO0610	1768	4198	2117	1570	1743	2527
NGO0611	2116	4019	2131	1625	1942	2566
NGO0614	29109	33516	24256	14030	16054	29319
NGO0615	9852	15790	8232	5409	7921	13636
NGO0616	9002	7584	6674	1837	4639	5550
NGO0617	46735	27308	35622	7200	34209	16228
NGO0618	5475	5109	4061	1395	2894	3415
NGO0619	5306	7594	4814	2905	2831	6267
NGO0620	1659	2494	1797	1493	610	2532
NGO0623	6522	8938	5574	3857	4189	5732
NGO0624	7896	10164	6794	4386	5141	5952
NGO0626	4226	6469	4416	2538	3086	4842
NGO0627	3188	3754	2938	1965	1705	3231
NGO0628	565	1492	678	424	553	685
NGO0629	21835	31750	21237	13233	13764	25573
NGO0630	410	649	372	513	275	622
NGO0632	2714	2754	2283	1735	1809	2286
NGO0633	2377	2580	1847	1642	2253	1978
NGO0635	761	953	975	404	537	614
NGO0636	4998	6416	4539	5155	4792	4921
NGO0637	650	1041	737	1202	397	831
NGO0639	14112	32398	15753	16851	15894	18686
NGO0640	1921	2715	2428	1028	1288	1773
NGO0641	1119	1481	1182	458	724	1164
NGO0642	1435	1769	1290	993	1075	1371
NGO0643	867	971	896	490	830	924
NGO0644	1247	1783	1477	896	778	1622
NGO0645	7757	12069	6538	4779	6325	9443
NGO0646	3070	8642	2795	2068	2672	7900
NGO0647	493	1190	591	441	191	1891
NGO0648	5265	12099	4725	4468	1479	14694
NGO0649	52	110	39	19	20	95
NGO0650	49876	30044	27943	16746	34707	11583
NGO0651	842	1181	666	371	521	891
NGO0652	10611	21780	10475	5296	3902	27550
NGO0653	158	487	157	173	109	376
NGO0654	5636	11831	4807	3928	2490	11499
NGO0655	2509	6451	2431	1321	1705	7290
NGO0656	7038	25703	4434	3052	5321	22394
NGO0657	4163	4610	2880	2112	2219	3807
NGO0658	614	2091	801	730	358	1362
NGO0659	2183	1405	1944	698	1141	1483
NGO0660	19305	17980	13978	8247	16942	14481
NGO0661	5578	3818	4399	2077	3903	3072
NGO0662	12833	10628	9570	5486	8921	7516
NGO0663	1271	1346	1622	1085	553	1148
NGO0664	2184	4705	2655	2363	2067	2119
NGO0665	5980	10265	5240	4493	4859	5618
NGO0666	1229	1954	1301	544	689	1697
NGO0668	2970	3364	2314	1716	1956	3231
NGO0669	1436	1588	1115	855	773	1243
NGO0670	2093	2185	1869	1201	1512	1333
NGO0671	6187	8477	5206	2935	3426	8149
NGO0674	11818	18609	8493	6335	8775	18545
NGO0675	1308	3223	1692	987	806	3220
NGO0676	3840	5903	4390	1698	2479	5834
NGO0677	2391	2059	2088	1448	1209	2074
NGO0678	1450	1248	1520	689	356	1420
NGO0679	7588	11854	8172	7310	5226	11493
NGO0680	5242	9144	4560	2958	4089	7760
NGO0681	577	1025	549	564	442	766
NGO0682	3105	4813	2685	1702	2187	3301
NGO0683	1597	2559	1436	1484	1086	2001
NGO0684	1715	2653	1467	1479	1162	2110
NGO0685	2099	2940	1931	1591	1194	2646
NGO0687	7574	13180	7677	4408	5411	12687
NGO0688	2976	4875	2995	2414	2537	4284
NGO0689	11096	18327	10142	6787	9074	14933
NGO0690	5001	10415	5791	4120	3169	8275
NGO0694	3509	8403	4909	2779	2101	5197
NGO0696	2515	4125	3071	1659	2158	2489
NGO0697	2480	3700	2820	1790	1136	3490
NGO0702	2916	4531	2725	1530	2005	4476
NGO0704	3951	3597	2989	1464	2272	2133
NGO0710	855	1157	866	438	567	824
NGO0711	943	1369	861	465	630	990
NGO0712	35	99	34	29	29	61
NGO0713	8447	6111	5747	2167	4621	5789
NGO0714	18178	22001	13474	11086	15465	15613
NGO0715	20867	40016	18403	10032	19916	26742
NGO0716	7017	11311	5229	4037	5628	7795
NGO0717	12065	19013	8567	5600	10965	11800
NGO0718	7385	10278	5377	3890	6599	7395
NGO0719	10215	13206	7711	5023	10423	9423
NGO0721	1857	2272	1493	845	963	1457
NGO0727	18	6	13	9	8	11
NGO0729	84	145	115	225	51	117
NGO0730	1142	1799	1190	783	1081	1559
NGO0732	7325	10947	10521	7358	4228	8375
NGO0734	1435	1927	1388	737	930	1451
NGO0736	114	229	200	82	64	95
NGO0738	606	1607	873	993	448	1046
NGO0739	2475	3601	2439	1857	1452	3452
NGO0740	1055	1263	1000	815	544	875
NGO0741	12708	20770	11776	8867	7242	17197
NGO0742	5969	10947	4989	2730	2877	10828
NGO0743	3416	3432	2544	1643	2795	2548
NGO0744	2013	2119	1726	1214	1092	1911
NGO0745	141	254	176	175	182	156
NGO0746	1156	2334	1191	1388	1017	1523
NGO0747	870	1585	890	828	430	1248
NGO0748	765	1297	842	638	473	1101
NGO0751	438	600	562	268	202	425
NGO0752	496	536	471	304	196	535
NGO0753	1502	1976	1540	937	862	1589
NGO0754	590	1354	673	482	494	739
NGO0755	1718	4555	1741	1381	952	3727
NGO0756	1245	2698	1382	921	1042	2240
NGO0757	5901	9981	7515	3522	2473	6887
NGO0758	6203	13021	7066	3829	5124	7483
NGO0760	1259	1077	1144	677	753	865
NGO0761	625	768	665	491	206	640
NGO0763	3722	3212	2856	1834	3768	2316
NGO0764	17352	24004	14834	9254	10500	18471
NGO0765	2315	3944	2558	1451	791	3119
NGO0766	12066	21364	10843	8836	7705	16467
NGO0767	939	1615	730	798	645	925
NGO0769	5924	13511	6410	5442	4946	7377
NGO0770	2574	4439	2227	2273	2808	2509
NGO0771	7251	10799	6388	5452	6049	8510
NGO0773	2000	3043	2240	1321	1338	2631
NGO0775	21408	31375	26238	19735	16860	35946
NGO0777	82134	151684	81226	38684	27924	144212
NGO0778	1119	1423	859	646	622	1364
NGO0779	6211	11515	4861	4600	4459	8228
NGO0781	8450	13133	8661	5139	4690	10788
NGO0783	3627	4880	4095	2031	1786	4381
NGO0786	581	1453	624	498	338	996
NGO0794	2719	4383	2449	2117	1458	2667
NGO0795	2187	3389	1664	1162	1095	2332
NGO0797	589	728	497	337	450	369
NGO0798	2965	3397	2201	1272	1628	1989
NGO0799	15919	23635	13636	10562	10182	20642
NGO0801	9261	12108	7946	4633	8476	6515
NGO0803	26348	32282	19738	17497	18894	21756
NGO0804	629	1561	704	624	343	1084
NGO0805	907	754	1051	518	625	581
NGO0806	183	387	159	120	113	284
NGO0809	9567	9495	7091	4143	7249	7501
NGO0812	845	1243	780	528	419	985
NGO0813	4910	5787	4227	2766	3092	3914
NGO0815	9216	12536	7291	5561	8498	8947
NGO0816	124	434	181	353	57	190
NGO0818	137	546	232	175	245	266
NGO0819	1691	3531	1893	1440	1229	2109
NGO0820	1229	2220	1190	1121	1078	1095
NGO0821	11930	24733	12576	8517	7322	16585
NGO0822	521	1043	668	427	228	936
NGO0823	3243	5787	3040	1963	1922	4657
NGO0825	2206	3121	1889	1124	1618	2622
NGO0826	1868	3447	1947	1506	1372	2451
NGO0827	1252	1645	1355	725	1607	1248
NGO0829	9664	11758	8830	6440	6916	9172
NGO0830	3529	6574	2985	2644	2628	5275
NGO0831	2400	2187	1708	1322	1995	1525
NGO0832	3218	5226	2567	1959	3064	3941
NGO0834	4244	8631	4907	3305	3857	6159
NGO0835	2588	5842	2943	2068	2462	4485
NGO0841	843	1826	918	774	542	1284
NGO0842	1490	1982	1397	859	817	1688
NGO0844	1790	7247	1620	1332	1423	6474
NGO0845	3592	4179	3011	1346	2973	3514
NGO0846	2020	3555	1585	1155	1287	3056
NGO0847	3110	5844	3029	2875	2104	4627
NGO0848	4331	7529	3951	5806	3359	6982
NGO0850	1371	4436	1384	1079	1291	3208
NGO0851	6310	12751	6690	5218	6210	8266
NGO0852	873	481	938	332	545	354
NGO0853	277	350	228	168	136	445
NGO0857	273	811	413	381	389	556
NGO0858	1442	3210	1541	1230	878	2933
NGO0859	874	870	708	463	531	697
NGO0861	2372	5262	3486	3167	989	3277
NGO0862	5916	8592	5183	3194	3333	7135
NGO0863	25655	52577	32852	21957	17456	44860
NGO0865	824	1671	1132	779	987	1095
NGO0866	10076	16249	10662	6743	7584	12267
NGO0867	1515	5169	1981	1451	1949	3285
NGO0868	550	669	390	237	282	562
NGO0869	992	1762	819	600	557	1505
NGO0870	4104	5722	3539	2296	2895	4972
NGO0872	4616	5435	4529	2262	2125	5680
NGO0873	2588	3274	3335	1330	1676	3161
NGO0874	2408	3358	2227	922	1479	3104
NGO0875	4548	6855	3462	2638	3796	5834
NGO0876	251	236	240	186	104	306
NGO0880	592	989	551	534	338	672
NGO0881	340	565	382	229	381	296
NGO0885	59	60	36	28	48	65
NGO0886	285	271	212	143	205	217
NGO0887	238	191	194	107	103	160
NGO0888	1370	2746	1139	906	949	1754
NGO0890	13326	22581	11124	8769	10925	13103
NGO0891	4468	9822	5448	2876	4260	5069
NGO0893	9340	18077	8655	5920	6059	18133
NGO0894	618	1805	559	461	365	1825
NGO0895	130	319	263	131	126	139
NGO0896	38	55	56	57	33	42
NGO0899	7808	8449	6664	4143	2876	4732
NGO0900	2793	2994	2244	1307	1879	2633
NGO0901	305	384	277	248	88	446
NGO0902	1042	828	851	461	497	609
NGO0903	1263	2025	1206	902	955	1484
NGO0904	6039	10306	5369	4559	2621	8118
NGO0905	4969	6319	3417	2667	4125	4998
NGO0906	12726	18130	9399	7252	8179	17271
NGO0907	287	484	192	152	226	216
NGO0908	34	108	35	33	64	29
NGO0909	299	478	363	232	376	317
NGO0912	25045	32451	16116	8578	16788	28669
NGO0913	26340	26356	17940	7730	23779	21815
NGO0914	1900	1578	1675	845	1749	1303
NGO0915	29128	44715	22208	13970	21064	25556
NGO0916	24682	25247	15932	7144	20396	24448
NGO0917	50716	74234	38021	24035	38922	62614
NGO0918	38055	65415	29272	17707	31735	60059
NGO0919	3615	2955	3604	1573	2810	2839
NGO0920	5544	6587	5206	2555	3584	5338
NGO0921	15622	33535	13135	9959	14118	21144
NGO0922	650	1303	676	681	603	827
NGO0923	3426	5193	3653	2009	2285	3575
NGO0925	11329	19887	6946	7589	9060	12786
NGO0926	80386	173136	60476	44403	90518	97602
NGO0928	91869	110227	43756	27774	113762	80987
NGO0929	8983	14692	7467	4889	7774	14379
NGO0930	681	1941	868	653	373	903
NGO0933	3684	9300	4061	3243	2282	6437
NGO0934	1268	1692	936	870	863	1406
NGO0936	14636	23624	12513	6406	8011	18779
NGO0937	1317	2396	1247	979	1028	1573
NGO0938	307	264	318	212	189	256
NGO0940	431	316	366	238	404	182
NGO0941	232	102	142	100	95	77
NGO0942	65	159	73	161	67	91
NGO0942a	3260	5279	3154	2464	1980	4316
NGO0947	7314	7360	6635	4137	4038	5766
NGO0948	17032	19924	11990	7626	14260	15881
NGO0949	1213	4772	1692	1245	1337	3173
NGO0952	10894	18599	12253	7029	7708	12796
NGO0956	9541	18183	8191	5428	4850	17829
NGO0958	1596	3255	1219	837	997	3290
NGO0959	12043	26710	12294	7115	9466	22153
NGO0960	1792	2806	1657	973	1077	1874
NGO0961	1668	1232	1554	637	1313	797
NGO0962	2996	2688	2289	1329	1983	2203
NGO0963	9562	12872	7370	5149	6697	10988
NGO0968	5580	9971	4871	3351	3386	5939
NGO0969	383	548	457	297	359	281
NGO0970	2037	5299	2200	1448	1435	3990
NGO0971	665	1329	628	566	510	1091
NGO0972	1421	2145	1286	1106	1118	1230
NGO0973	1759	3176	1736	1494	1836	2231
NGO0974	2348	4685	2191	1965	1881	3092
NGO0975	0	4	1	15	3	1
NGO0976	478	1147	517	477	280	736
NGO0977	27421	33364	15628	12949	26845	22420
NGO0978	29719	36466	26910	19075	14806	23895
NGO0979	660	1186	600	437	276	1095
NGO0980	1188	2550	1282	1048	911	1652
NGO0981	12848	35025	12467	9334	10384	24835
NGO0984	1050	1201	705	550	597	1189
NGO0986	3505	5172	3574	1699	1713	3298
NGO0987	3203	6311	4008	3116	2520	3434
NGO0988	4729	10245	5168	3621	3719	6504
NGO0990	1239	2819	1125	1345	732	1675
NGO0991	2418	2865	1947	1285	1595	2209
NGO0992	656	744	518	396	357	637
NGO0993	949	1489	908	646	537	1285
NGO0994	20329	35384	18031	10937	10808	30568
NGO0995	1806	4029	2444	1563	1449	2129
NGO0996	23836	32340	20385	16022	14519	25584
NGO0998	3904	5017	4257	2935	2409	4204
NGO0999	9552	17580	10353	9146	7800	13840
NGO1001	250	288	243	225	91	198
NGO1002	93	121	133	47	53	62
NGO1005	1025	1535	1079	690	630	1399
NGO1009	410	529	414	382	210	288
NGO1010	725	1209	1024	461	494	762
NGO1011	342	615	533	254	292	364
NGO1012	2814	6683	4138	1693	1954	3403
NGO1013	1145	4034	2028	1128	1220	1772
NGO1013a	0	0	0	0	0	0
NGO1015	0	0	0	0	0	0
NGO1020	16	29	7	5	15	20
NGO1024	20462	41190	22930	11838	13697	20251
NGO1025	1472	2992	1378	995	987	2099
NGO1026	3477	7439	3222	2754	2537	5525
NGO1028	13194	23210	10260	8759	8879	20673
NGO1029	10089	18079	8391	6111	13719	11501
NGO1030	3044	5771	2939	2429	2030	3772
NGO1031	3436	5664	2896	2260	1799	4091
NGO1032	5275	8154	4454	3724	4344	4519
NGO1033	2040	3896	1835	1296	1424	2144
NGO1040	43	114	38	36	49	66
NGO1041	4891	7471	3795	2565	3028	7116
NGO1044	1457	2965	1582	1158	1385	1887
NGO1045	4666	6700	4192	2783	3353	4977
NGO1046	11293	26903	15861	16280	12653	21051
NGO1047	7214	12756	5923	3860	4535	10262
NGO1048	220	335	285	218	167	263
NGO1049	791	826	636	465	520	512
NGO1052	2800	3905	2783	1580	2028	3841
NGO1053	436	720	407	429	348	508
NGO1054	44	40	54	66	65	36
NGO1055	1616	2592	1294	856	658	2496
NGO1056	9822	13075	8517	4777	5311	10199
NGO1058	1077	1388	959	666	683	1083
NGO1059	2940	5253	2788	2009	2131	3172
NGO1060	2615	5430	2881	2221	1553	4219
NGO1061	1567	3071	1386	1257	1505	1668
NGO1063	4171	6741	4117	1126	4533	4590
NGO1078	5246	8562	4365	2658	3405	6031
NGO1079	2754	7601	3017	2181	2224	4686
NGO1080	2030	1932	1715	572	869	1791
NGO1081	12524	28783	14095	8337	6547	24195
NGO1082	29008	42713	20431	16115	32154	27130
NGO1084	1443	2036	1227	524	997	1125
NGO1085	992	1614	1055	637	467	1312
NGO1086	8	11	5	2	7	15
NGO1088	49	54	36	53	71	31
NGO1089	91	200	120	95	138	105
NGO1090	1036	2052	816	695	1244	966
NGO1092	602	1325	669	607	656	566
NGO1093	19	62	31	22	28	21
NGO1094	20	28	16	12	24	3
NGO1097	751	1225	528	555	425	866
NGO1098	181	439	112	191	210	151
NGO1100	6	25	10	35	6	16
NGO1101	37	132	59	85	47	51
NGO1102	14	34	32	13	14	17
NGO1103	0	2	0	1	5	2
NGO1104	10	3	5	5	2	2
NGO1117	3750	7155	5275	3398	2167	6247
NGO1118	631	1089	772	668	389	981
NGO1119	54	154	60	37	32	109
NGO1132	51	105	64	40	72	92
NGO1133	3990	8099	4718	4009	3072	5155
NGO1134	2544	3343	2306	1897	1710	2366
NGO1138	121	288	160	125	110	235
NGO1139	9	13	13	14	8	9
NGO1143	121	191	120	54	90	124
NGO1144	4	2	7	2	14	4
NGO1145	28	35	31	13	28	28
NGO1146	13	42	27	31	7	15
NGO1147	3	1	2	4	0	0
NGO1148	328	711	285	198	209	610
NGO1149	3396	7779	2857	2767	2586	5254
NGO1150	4269	11632	4518	4508	2338	7867
NGO1151	214	341	233	348	104	303
NGO1152	8293	17672	7340	4394	4982	13028
NGO1154	2515	2692	2105	1307	1251	2118
NGO1156	906	2455	1253	970	617	1737
NGO1157	368	943	412	323	309	679
NGO1158	1950	4910	2327	1581	1461	3089
NGO1160	2984	4150	2572	1458	1985	3345
NGO1161	1061	3739	1017	867	890	2185
NGO1162	230	580	151	280	171	289
NGO1164	89	203	106	42	37	129
NGO1165	149	287	156	122	98	195
NGO1173	193	268	186	64	106	192
NGO1182	6076	29012	7222	4708	4296	27762
NGO1183	9487	16379	7318	5357	7401	13371
NGO1185	94	243	108	127	75	139
NGO1187	1630	797	1393	475	1062	581
NGO1188	5110	6971	4573	2699	4265	3085
NGO1189	1066	2744	1997	2115	509	2800
NGO1190	624	1300	620	605	402	933
NGO1191	128	118	156	157	137	93
NGO1192	338	556	402	503	251	335
NGO1193	573	1105	482	473	436	677
NGO1194	1742	1623	1221	955	1309	1130
NGO1195	802	1201	613	631	480	973
NGO1196	1463	1174	1339	584	1074	971
NGO1197	1565	1857	2202	534	684	1490
NGO1198	2320	3567	1955	1262	1270	3173
NGO1199	2609	2539	1951	1232	1686	2436
NGO1203	2883	6319	2433	2275	2244	4411
NGO1204	1618	3460	1402	1503	1619	1862
NGO1205	875	1859	737	522	524	1199
NGO1206	5542	11621	5485	3452	4303	8480
NGO1207	7236	6693	5492	2947	4499	4335
NGO1208	908	862	681	427	543	732
NGO1209	2221	2690	2257	1126	1543	2189
NGO1211	61	148	70	34	31	99
NGO1212	14458	20386	11263	8349	8933	19048
NGO1213	1096	1797	901	642	801	1930
NGO1214	3605	5874	3534	2256	2387	4448
NGO1215	24772	58563	22896	10821	14793	50220
NGO1216	1243	2170	930	780	754	1830
NGO1217	3285	5692	2723	2369	2947	5043
NGO1218	12389	14355	8737	6430	11439	10738
NGO1219	2328	4306	2298	1907	1425	2954
NGO1220	758	1769	1064	1439	564	814
NGO1221	4365	10733	5208	3875	3631	7127
NGO1222	1667	4487	2555	1795	1407	3020
NGO1223	1009	1285	943	645	531	1494
NGO1224	1210	1661	939	744	888	1688
NGO1225	33233	46986	29768	17883	14808	44322
NGO1226	1931	1825	1339	808	1594	1327
NGO1227	24779	16438	16753	6094	17575	11931
NGO1228	3391	5806	2898	2221	1862	3546
NGO1229	1786	1949	1461	1078	936	1843
NGO1231	53411	95567	46026	32166	54341	61169
NGO1232	5327	6622	3430	2547	2761	6888
NGO1233	26578	41915	19915	11848	20566	39876
NGO1234	1073	1581	994	897	857	1190
NGO1235	1153	1905	1184	806	1433	1494
NGO1236	10387	15572	10073	6332	8896	11044
NGO1237	11935	33256	11913	9281	8413	18528
NGO1238	4298	7452	3229	2864	4295	5211
NGO1239	7088	11544	5144	2814	5333	9444
NGO1240	7871	7712	4785	2949	7756	5520
NGO1241	4225	3758	2479	1816	3669	2932
NGO1242	5724	6119	4172	3144	3109	5308
NGO1243	6161	9410	4599	3069	4384	7589
NGO1244	137	251	234	147	69	233
NGO1245	319	700	491	385	355	622
NGO1246	9008	12057	9058	4800	7257	4657
NGO1247	2301	7656	2492	1597	1598	6151
NGO1248	100	193	123	97	71	94
NGO1249	2521	4090	2188	995	1156	2549
NGO1251	3984	9843	3505	4500	2109	5550
NGO1252	1404	2942	1274	1233	1166	2016
NGO1253	7574	12186	6522	3647	5020	10748
NGO1254	15876	16096	11313	6409	12255	12642
NGO1256	561	1013	581	308	300	863
NGO1258	8589	21871	8099	4677	5775	16758
NGO1259	4762	11291	4646	3680	4658	8303
NGO1260	947	1206	955	549	691	1186
NGO1261	612	948	614	341	264	1006
NGO1262	102	172	116	49	58	155
NGO1273	919	1356	916	604	626	913
NGO1274	1609	2343	1223	912	1527	1551
NGO1275	3834	7083	2713	2136	3669	5944
NGO1276	15139	24971	9032	5252	10414	15641
NGO1277	1343	3602	1074	684	765	2437
NGO1279	2330	4748	2709	2124	2108	3323
NGO1283	7229	16208	6397	5202	5004	12690
NGO1284	956	1084	784	600	574	507
NGO1285	12572	9804	8452	5971	11158	6181
NGO1286	37916	29242	23117	16761	32942	18569
NGO1287	957	1463	857	733	684	1015
NGO1288	949	2166	990	1052	861	1259
NGO1289	1407	4007	1741	1322	1099	1705
NGO1290	719	2227	696	493	457	1983
NGO1291	6854	13756	6483	4305	4850	10783
NGO1294	1308	3277	1733	830	774	1921
NGO1295	12605	14133	12159	6650	9135	7887
NGO1297	7972	14968	7362	5226	7725	12789
NGO1298	677	1325	606	655	406	1270
NGO1299	983	2776	1251	754	704	1296
NGO1300	2011	7839	3096	2400	2463	3499
NGO1301	16	27	16	11	2	18
NGO1302	226	483	222	216	191	351
NGO1304	3549	11853	3838	2224	2338	7796
NGO1307	5583	11952	6870	3554	4555	5718
NGO1308	20151	30288	19471	11437	9621	20938
NGO1309	929	1416	947	1017	744	1124
NGO1310	5479	11025	6656	4622	3756	5948
NGO1311	1932	4160	1918	1301	1243	3037
NGO1312	582	2503	957	1042	406	1518
NGO1314	6370	5462	4350	2851	3598	3802
NGO1317	178	461	239	201	178	341
NGO1318	8668	13245	8486	3227	7424	12059
NGO1319	3098	4284	2803	1815	2028	3373
NGO1320	3410	4105	2790	1951	1927	3573
NGO1321	993	1403	797	821	397	1227
NGO1322	851	930	795	632	547	1064
NGO1323	1208	1561	1058	678	631	1425
NGO1324	699	1005	642	482	570	897
NGO1325	11115	16298	6126	5540	8528	13746
NGO1328	11598	31013	10336	6785	7956	24173
NGO1329	3219	4466	2669	1693	2173	3576
NGO1330	3189	4329	2602	1928	2172	3703
NGO1331	2989	2981	2310	1447	2105	2082
NGO1332	5015	9488	4578	2465	1966	8949
NGO1333	4204	4106	3151	2240	2510	3359
NGO1334	4138	7468	3732	3213	2301	5730
NGO1335	8303	16523	8418	5761	5218	12021
NGO1336	20362	36368	18227	11508	15298	28872
NGO1337	2054	1965	1582	993	1440	1270
NGO1338	557	607	567	322	342	460
NGO1339	2578	2979	2201	1410	1418	2260
NGO1340	3070	5469	3056	2455	1982	3188
NGO1341	6015	8864	5021	3838	4424	6391
NGO1342	1352	1865	1334	1069	1264	1021
NGO1343	2418	4022	2250	1575	1933	2208
NGO1344	2474	4322	2593	2076	1483	2448
NGO1345	8405	13547	6987	5592	8038	7526
NGO1346	1297	2085	1699	1245	962	1076
NGO1347	1251	3423	1933	1849	910	2028
NGO1353	1326	2857	1616	889	659	2080
NGO1354	2661	3342	2774	1233	1486	2541
NGO1355	2673	3887	1912	1319	1711	3299
NGO1357	1129	3315	923	1178	1091	1937
NGO1358	47056	139286	33566	25148	53582	123833
NGO1359	31	78	32	31	19	52
NGO1360	461	1187	645	415	288	725
NGO1363	2965	4173	2056	1858	2786	2576
NGO1364	3596	6189	2989	3103	3363	4122
NGO1365	958	1720	955	854	999	932
NGO1366	99	148	111	60	37	123
NGO1367	254	640	309	107	166	299
NGO1368	5991	7291	2998	2537	3976	4520
NGO1369	2226	3201	1750	1265	1538	2663
NGO1370	1560	2493	1355	758	851	1742
NGO1371	26727	48467	25152	11675	23247	34418
NGO1372	138	148	166	191	305	100
NGO1373	9947	16184	7279	5245	13441	10630
NGO1374	42675	87010	34398	21225	41187	62771
NGO1375	2472	4032	2414	1593	1378	3221
NGO1376	3761	8652	3166	2077	2078	8983
NGO1377	4045	6700	4464	3149	4411	3982
NGO1378	6403	15858	7585	5470	7536	9637
NGO1379	8123	15585	9967	5907	10067	9920
NGO1380	2244	4925	2356	1513	1164	3498
NGO1381	1594	4088	1769	1135	809	2640
NGO1382	6220	9736	5835	3797	4891	6664
NGO1383	1032	1743	1594	433	600	1156
NGO1387	2025	3436	2353	905	1239	2438
NGO1388	522	1060	759	422	509	506
NGO1389	834	1441	1066	373	546	785
NGO1390	1914	3178	2321	704	1220	2279
NGO1393	4	3	2	2	2	3
NGO1394	56	181	72	41	47	115
NGO1396	2258	5257	2321	1772	1505	3201
NGO1397	3141	4629	2925	1662	1635	3844
NGO1398	264	301	174	173	180	187
NGO1399	453	409	365	304	371	270
NGO1403	8838	16207	9599	6424	7086	11006
NGO1404	7786	15955	5960	3182	4608	13750
NGO1405	1216	2897	1357	1160	1044	1305
NGO1406	8226	21390	8744	6880	5723	10153
NGO1407	3274	6131	3998	2799	2338	3539
NGO1408	943	1214	874	797	620	901
NGO1410	354	623	362	396	195	358
NGO1411	18515	31231	18941	11928	8670	26114
NGO1412	109	280	98	50	94	196
NGO1413	9146	15338	7372	3837	6780	9848
NGO1414	6394	5521	3964	2336	7731	4365
NGO1415	3032	3164	2172	1341	2866	2453
NGO1416	2694	2526	1818	1065	2766	2036
NGO1417	2143	2113	1384	770	2488	1838
NGO1418	6219	8239	4198	2466	4989	7768
NGO1420	882	1362	1023	591	276	1349
NGO1421	384	375	320	133	201	427
NGO1422	8706	16629	10761	7701	7309	16417
NGO1423	1711	2831	1514	1045	1159	2374
NGO1424	4571	6785	4182	2943	3070	4755
NGO1426	3119	6667	3715	2209	1976	4364
NGO1427	687	4019	952	1143	1337	783
NGO1428	1037	2756	1794	1119	717	936
NGO1434	9703	21669	10180	6272	7055	12496
NGO1435	2028	4615	2722	1330	1897	2779
NGO1438	10220	14461	9424	5405	3860	12726
NGO1439	5578	6818	4221	3203	2334	5552
NGO1440	5610	7788	6138	4916	3398	4285
NGO1441	1227	964	1143	524	573	1390
NGO1443	5609	7625	5401	4123	3408	5122
NGO1448	787	1593	775	486	484	1250
NGO1449	9336	24004	8804	6475	10460	17113
NGO1450	1763	3222	1760	1628	948	2543
NGO1451	483	391	400	212	148	319
NGO1452	7964	14076	6649	4108	4807	13253
NGO1454	8391	9556	6391	4363	5344	8528
NGO1455	2637	3993	2142	1642	2031	2867
NGO1456	9440	10428	6442	4513	8580	6125
NGO1466	14776	28633	9500	5530	7140	31649
NGO1467	930	1704	861	890	865	1061
NGO1468	1681	3421	1634	1380	1110	2207
NGO1470	6960	9920	4112	3581	7170	5463
NGO1471	705	841	376	352	453	498
NGO1472	3622	4762	2416	1750	2465	3906
NGO1473	10834	12735	15643	5274	8855	6616
NGO1474	711	1779	997	768	522	1153
NGO1475	469	878	600	313	329	661
NGO1481	1549	2384	1805	769	859	1839
NGO1482	1224	1868	1267	762	701	1331
NGO1483	2004	3533	2172	1280	1571	2298
NGO1484	4841	6323	4302	2695	2145	4647
NGO1485	5129	10329	4774	3463	3528	9354
NGO1486	6046	7805	4834	3406	3862	7871
NGO1487	14724	24001	14639	8414	8676	19085
NGO1488	2153	3548	1510	817	565	4734
NGO1491	4218	7980	4124	3206	2634	5027
NGO1492	5848	10000	5599	4912	3806	6204
NGO1493	18614	26784	18255	11161	4055	21695
NGO1494	34796	77831	23856	14185	26838	79895
NGO1495	19086	27136	19419	12422	19314	16177
NGO1496	14428	22993	17935	9737	14337	14568
NGO1499	1252	1899	1555	899	606	1470
NGO1500	1238	3136	1316	1060	642	2133
NGO1501	1624	2087	1728	1042	1273	1587
NGO1502	3180	3741	2513	1867	2096	3063
NGO1503	1812	2272	1608	717	1025	2282
NGO1504	7114	7178	4779	2680	5712	5311
NGO1505	465	591	421	354	290	350
NGO1506	3593	4741	2958	2423	2754	3459
NGO1507	3119	2281	2343	1351	2221	1683
NGO1508	8602	9528	6331	4083	6666	7386
NGO1509	6973	7591	5482	3929	4869	4700
NGO1510	13157	17285	10967	7349	10480	12611
NGO1512	2558	4192	2371	1581	1969	2183
NGO1514	785	2143	808	657	519	1646
NGO1515	1418	2058	1344	1207	1075	1178
NGO1516	4049	7509	3531	2620	3650	4374
NGO1517	1222	2417	1362	1007	1463	1911
NGO1519	2902	7705	2831	2550	1616	4834
NGO1520	2322	6020	2011	1978	2255	4036
NGO1521	248	393	179	166	169	252
NGO1524	68	129	68	67	57	91
NGO1525	136	247	165	82	127	156
NGO1526	129	356	141	116	105	182
NGO1527	7319	12631	5671	4520	4467	12076
NGO1528	42469	67859	37123	24663	35948	49894
NGO1529	8046	15899	7230	5787	5193	10682
NGO1530	1827	3163	1812	1600	1262	2325
NGO1531	3454	4833	2863	2158	1931	4106
NGO1532	7769	13984	6949	5041	4616	11553
NGO1533	4752	7580	4238	3222	3444	5281
NGO1534	3698	6989	3429	2931	2751	4568
NGO1535	5618	8546	5192	3837	4853	7017
NGO1536	1281	3181	1441	1205	565	2913
NGO1537	3247	4705	2678	1950	2079	4589
NGO1538	251	565	251	388	187	388
NGO1539	5398	9296	5328	4406	3694	6781
NGO1540	2195	4061	2393	1834	1769	2697
NGO1541	7273	6683	6059	3470	3759	6376
NGO1542	918	1075	1039	977	728	637
NGO1543	470	647	644	677	242	334
NGO1544	6661	5966	8047	3812	5533	3632
NGO1545	3059	4313	4910	2605	4616	1779
NGO1546	885	1223	858	412	569	920
NGO1547	2484	4902	2660	1907	1775	3818
NGO1548	3004	6101	3389	1530	1679	4562
NGO1549	5293	10867	6113	3978	3878	7477
NGO1550	4928	7767	5060	3588	3146	6201
NGO1551	1699	3018	2039	1217	875	2223
NGO1552	6853	17005	5122	4078	7197	8940
NGO1552a	16504	17801	9818	6633	16414	12764
NGO1559	4045	7481	3671	3136	1551	4707
NGO1561	4209	5581	3569	2142	2253	3003
NGO1562	880	1310	1317	812	250	609
NGO1565	3835	6983	3981	3514	2580	3969
NGO1566	4728	10063	5998	5048	4537	7291
NGO1567	7767	18574	8335	6664	8800	11195
NGO1568	3411	7879	3871	3440	3433	4357
NGO1573	16073	32327	17194	11211	16695	20703
NGO1574	2381	3317	2203	1825	1751	2082
NGO1575	5101	9163	5462	3409	4952	4936
NGO1577	214751	349422	201774	107129	136645	294031
NGO1578	1946	2414	2251	1172	1260	1530
NGO1579	8788	18074	10821	7344	4565	13524
NGO1580	9117	9788	7062	3321	4386	7152
NGO1581	23030	101402	18672	17557	16944	105908
NGO1583	1291	3250	1241	1170	1010	2157
NGO1584	3592	2859	3783	1444	4182	1913
NGO1585	4552	9518	4620	2993	3464	7652
NGO1588	3302	8655	3201	1035	2285	5512
NGO1591	1568	3117	2015	607	1529	2192
NGO1599	1740	3790	1666	1847	1129	2243
NGO1600	18800	31787	15865	7843	12522	33262
NGO1602	1367	2896	1449	919	751	2419
NGO1603	584	957	530	320	356	816
NGO1605	2868	4242	2461	1644	1423	3826
NGO1606	1754	3165	1692	1619	947	2068
NGO1607	1099	2332	1415	1298	963	1456
NGO1608	3728	5185	4534	2633	2119	3101
NGO1609	2298	5299	2242	2004	1477	3959
NGO1610	7037	7487	5726	2687	4340	8198
NGO1611	1738	2544	1437	1139	1446	2078
NGO1612	4516	7915	4166	2904	3645	4844
NGO1613	2062	4854	2044	1449	1833	2850
NGO1614	214	461	196	152	93	441
NGO1627	10913	23195	12717	10393	6065	20669
NGO1646	55	81	53	27	21	41
NGO1647	210	292	256	120	121	154
NGO1648	104	146	115	74	64	94
NGO1649	337	740	359	212	249	467
NGO1650	187	262	110	81	122	220
NGO1651	2053	4849	2613	1704	562	3825
NGO1652	3694	6212	3976	2020	1386	4781
NGO1653	1083	1642	1470	954	394	800
NGO1654	2445	3190	1943	1530	1954	2111
NGO1655	17157	24395	13183	8475	11275	17730
NGO1656	44275	49331	29944	14986	35235	39842
NGO1657	986	761	735	858	1206	585
NGO1658	2406	2557	1852	3651	1584	1851
NGO1659	2837	1295	3982	1174	1542	682
NGO1662	4531	7524	4480	3160	3458	5980
NGO1663	1100	1920	1068	1060	1067	1531
NGO1665	10105	21451	8419	5334	8370	22777
NGO1666	16083	18581	11790	6756	9370	14933
NGO1667	19568	32523	15042	10930	10871	28242
NGO1668	3100	6647	2778	2402	2817	4096
NGO1669	20336	32708	17547	11283	15841	28135
NGO1670	3770	3945	3024	1979	2638	2719
NGO1671	1056	1002	877	754	927	696
NGO1672	244	201	203	202	157	170
NGO1673	36072	84102	37954	28750	37664	46227
NGO1674	1415	3121	1681	1260	1171	2167
NGO1675	8859	14841	8902	6087	5040	10121
NGO1676	25212	21553	25024	10754	17108	16588
NGO1677	9884	10035	7373	8475	3581	10264
NGO1678	7905	13673	7110	4395	3669	15697
NGO1679	209	361	179	218	117	188
NGO1680	9010	10054	7840	8064	4254	8378
NGO1682	844	1200	816	575	553	795
NGO1683	907	1868	999	778	610	943
NGO1684	1944	2375	1815	1287	672	2180
NGO1685	1681	1085	1194	677	1011	738
NGO1686	5124	11449	4842	3648	3890	6186
NGO1687	1735	1751	1480	723	1426	1318
NGO1688	4353	8797	4312	3241	4694	3824
NGO1690	4241	9159	4737	2477	2123	7482
NGO1692	1200	2825	1081	1083	661	1885
NGO1693	2083	2937	1728	1123	2239	2194
NGO1694	551	888	802	434	471	800
NGO1695	6284	14009	5958	5173	3671	10742
NGO1700	8117	10026	7935	4116	5472	7835
NGO1701	10753	17070	9503	5113	6912	13405
NGO1703	2030	3334	2218	1263	1183	2625
NGO1704	47	76	47	31	29	50
NGO1705	183	203	134	80	89	149
NGO1706	2636	4103	2729	1928	2994	2318
NGO1707	2215	3423	1749	1357	1818	2598
NGO1708	3778	4732	3617	2516	3279	3821
NGO1709	2430	4867	2150	1567	1977	4924
NGO1710	2380	3688	2170	1301	1531	3419
NGO1711	10115	15151	8772	5818	5585	13953
NGO1712	1897	1989	1653	880	997	1397
NGO1713	6602	5853	5098	2873	3531	4609
NGO1714	8375	9388	6341	3180	5027	9965
NGO1715	15092	28060	14118	11220	9669	21323
NGO1716	12669	21247	12201	7681	11068	13832
NGO1717	11950	17019	10876	5490	8214	13599
NGO1718	3728	5671	3558	2631	2833	4007
NGO1719	1406	1886	1285	1057	904	1619
NGO1721	2100	2833	1681	1155	1164	2095
NGO1722	2674	2793	2547	1471	1781	2107
NGO1723	1273	2106	1483	867	1118	1526
NGO1724	944	1076	899	534	948	810
NGO1725	1266	2704	1123	1033	846	1968
NGO1726	263	617	262	195	323	473
NGO1727	1433	2223	1556	766	886	1689
NGO1728	830	614	776	340	446	497
NGO1729	1452	2825	1296	615	585	3531
NGO1730	1702	3007	1570	1370	742	2476
NGO1731	0	0	0	0	1	0
NGO1732	5716	7561	4517	3691	4291	5528
NGO1733	1005	664	889	637	510	652
NGO1734	75	162	91	300	131	115
NGO1735	2163	3060	2014	1707	1832	1791
NGO1737	2154	4871	1664	1661	1824	4003
NGO1738	3115	7130	2523	1970	2479	5916
NGO1739	2152	3918	1989	757	1514	3534
NGO1740	3318	5314	2850	1804	2092	5282
NGO1741	95	151	71	98	141	107
NGO1742	846	1581	704	668	1016	1285
NGO1743	792	1358	706	469	421	1462
NGO1744	1292	2111	1017	995	844	2190
NGO1745	6181	11110	5241	4416	3995	9518
NGO1746	2063	3741	2192	1355	1471	3228
NGO1747	905	1105	828	508	429	1138
NGO1748	3584	2764	2985	1530	2347	2647
NGO1749	883	1812	731	757	351	1313
NGO1750	814	1356	558	740	540	934
NGO1751	863	1653	920	767	506	1237
NGO1752	11039	26371	10957	8676	7968	22034
NGO1753	5444	11782	6763	4528	2794	11566
NGO1757	2092	2261	1805	1123	1143	2143
NGO1758	2792	4065	2444	1809	2015	2629
NGO1759	16	32	31	14	17	15
NGO1760	167	448	183	106	94	274
NGO1761	3666	4892	3624	1458	1673	3302
NGO1762	54946	80359	66673	23849	32026	67476
NGO1763	25063	42866	18428	15004	15086	39634
NGO1765	539	794	430	251	388	630
NGO1767	22289	23217	14991	11804	17187	17374
NGO1768	518	658	680	496	356	487
NGO1769	13272	42253	11224	7376	11526	27622
NGO1770	7384	6813	5095	3408	6727	6313
NGO1771	599	1231	536	393	410	829
NGO1772	20326	31199	17546	13819	13879	22709
NGO1773	3054	3330	2550	1968	1799	2120
NGO1774	2727	4675	2632	2390	2142	2705
NGO1775	516	288	408	247	285	221
NGO1776	3752	4532	3103	2076	1298	2296
NGO1778	910	1699	1094	1035	1168	707
NGO1779	5417	14366	6331	4522	2581	9431
NGO1780	1787	1388	1986	958	845	1184
NGO1781	4318	4741	3638	2234	2483	3310
NGO1782	1248	3065	1218	1402	1365	1363
NGO1783	3508	5638	3813	2502	2309	3712
NGO1785	23970	20114	16425	9439	18786	13973
NGO1786	1272	2531	1100	950	750	1844
NGO1787	23345	44309	19402	10532	18568	38625
NGO1788	6308	6389	4944	2993	3840	4836
NGO1789	346	394	271	194	142	437
NGO1790	3430	7908	3205	3182	3260	5091
NGO1791	1380	3785	1488	1585	1225	1874
NGO1792	226	582	308	343	198	252
NGO1793	390	482	356	327	268	295
NGO1795	1115	2022	1346	829	654	1907
NGO1796	9165	18246	8470	6091	6081	14436
NGO1797	7615	10479	6330	4098	5316	7704
NGO1798	4490	8020	3248	3760	3370	5803
NGO1799	6334	9963	5389	4306	3864	8341
NGO1800	7471	8221	5637	3847	4958	7601
NGO1801	25238	37067	18676	14071	16362	30793
NGO1802	3498	4136	2884	1668	2181	3668
NGO1803	3447	5026	2756	2461	2091	4726
NGO1804	3384	4850	3007	1650	1416	6627
NGO1805	860	1154	939	344	469	1038
NGO1806	1950	3653	1621	1433	887	3350
NGO1807	3820	8923	3868	2604	2753	4927
NGO1808	1859	4233	1843	1216	1427	3251
NGO1809	20995	30183	16147	11376	15777	21832
NGO1810	1014	1715	849	566	612	1247
NGO1811	2089	3242	2235	1480	1230	2454
NGO1812	14565	54190	12212	14750	9357	49115
NGO1813	15951	18640	13855	7651	11912	15501
NGO1814	583	330	549	517	790	275
NGO1830	9279	7678	5547	3732	10673	5187
NGO1831	207	122	96	173	438	62
NGO18311	18386	10204	12610	6469	13992	7995
NGO1832	39826	36112	27612	15749	33306	26239
NGO1833	7180	3846	4827	3880	8814	2925
NGO1834	4866	1907	3658	2724	3740	1297
NGO1835	57254	46545	41076	27144	48939	32339
NGO1841	12252	10336	8455	6281	7884	8133
NGO1842	168905	170325	140606	87255	139275	130308
NGO1843	166665	126357	130318	52883	138795	94566
NGO1844	30548	14438	21998	9918	25823	10325
NGO1845	30866	29377	26015	11139	14214	21724
NGO1847	149	409	263	157	85	210
NGO1848	9	8	3	1	12	0
NGO1850	67951	97456	40321	33819	52251	68322
NGO1851	90062	88904	64501	36675	59550	72008
NGO1852	74664	27518	71170	18967	52227	17836
NGO1853	76923	54538	68568	28509	63835	34566
NGO1854	57921	77897	53816	32961	37852	57818
NGO1855	39575	62586	43568	15002	21724	45708
NGO1856	11001	14123	12093	5702	7196	10183
NGO1857	1716	1992	2266	1122	1344	1436
NGO1858	248672	302687	224549	125305	183491	244467
NGO1859	1574	2444	2158	1108	972	2025
NGO1860	1057	2624	1274	1480	1198	1090
NGO1861	890	2157	1120	614	748	675
NGO1863	15756	11844	12542	5468	11295	9963
NGO1864	3083	2727	2805	1906	2255	1714
NGO1865	9418	11603	8366	5755	9253	7534
NGO1866	9855	16079	9948	7413	7938	10677
NGO1867	11333	11301	10714	7796	10498	6228
NGO1868	772	992	819	937	727	538
NGO1869	12071	16483	11569	9407	10008	9695
NGO1870	10592	17409	9559	8129	8079	10109
NGO1871	28880	58965	25534	17552	21787	41582
NGO1873	75036	97268	55801	33993	33663	94921
NGO1875	2096	2942	1940	1694	1231	2152
NGO1876	2165	2422	1904	1579	895	1874
NGO1877	11279	17423	10400	7750	7265	10529
NGO1878	3577	5834	3518	2616	2035	4578
NGO1879	232	328	244	122	133	248
NGO1880	6762	24700	7971	9626	4716	15037
NGO1881	12461	12767	9923	5026	13053	8585
NGO1888	186	170	131	124	179	166
NGO1889	2063	3732	1818	1528	1425	2961
NGO1890	19377	45602	17423	10946	15733	36652
NGO1893	2048	4273	2449	1233	1289	2676
NGO1894	3831	6705	5032	1933	2353	4709
NGO1895	2819	2002	1945	897	2349	1541
NGO1896	2871	4926	2735	1625	1649	3447
NGO1897	979	1081	818	615	778	929
NGO1898	765	1165	651	506	505	1076
NGO1898a	551	1013	502	261	272	925
NGO1900	17777	38722	14862	10922	18309	23509
NGO1901	11299	22213	14510	10993	8963	14016
NGO1902	3485	11503	3696	2099	2304	7822
NGO1904	6794	9283	6909	3576	2443	6683
NGO1905	2163	4165	2179	1451	1634	2484
NGO1906	168	411	247	238	245	293
NGO1907	1064	2694	1426	1369	726	1587
NGO1908	40026	65663	42419	35186	27083	52318
NGO1909	31046	44930	26148	19800	17568	39572
NGO1910	757	414	568	260	272	418
NGO1911	1337	2798	1468	670	1406	1275
NGO1911a	34403	69413	33817	23236	20994	46670
NGO1914	15109	29578	14513	11100	13890	19467
NGO1915	2244	2581	1960	1699	2838	968
NGO1916	1452	1850	1220	899	1022	1427
NGO1917	3389	3913	2659	1386	2125	3495
NGO1918	10120	26735	11320	10484	8289	17058
NGO1919	15014	33667	11120	7995	12020	28273
NGO1920	3602	2847	4137	2369	567	3603
NGO1921	4210	6683	3577	2388	2638	5828
NGO1922	3260	4883	3107	2363	2967	3652
NGO1923	2871	5061	2889	1787	1245	3610
NGO1924	1732	4661	1686	1737	1092	3161
NGO1924a	1516	3839	1514	1775	1200	2342
NGO1926	11195	9555	9946	3720	7165	7247
NGO1927	486	629	641	462	262	439
NGO1928	769	1172	1012	522	737	821
NGO1930	2253	2677	1851	1379	1720	1751
NGO1931	18804	35779	14267	12292	19963	31191
NGO1932	741	651	822	230	355	498
NGO1933	2084	5854	2646	3121	2078	3512
NGO1934	4772	10976	6200	4718	3416	6400
NGO1935	14682	29174	15573	9069	14918	17905
NGO1936	14526	34257	15918	11662	10155	24232
NGO1938	101	235	217	95	52	187
NGO1941	356	318	457	143	466	173
NGO1944	465	917	515	393	230	931
NGO1945	836	632	580	350	591	613
NGO1946	1748	2183	1349	863	1266	1597
NGO1948	914	2274	841	847	439	1591
NGO1949	2790	5266	2634	1803	1654	3881
NGO1951	9788	16632	9374	6563	5657	13423
NGO1954	3809	5822	2618	1408	1727	5400
NGO1955	5550	8646	4717	3500	3037	8698
NGO1956	6391	10437	5820	3733	3813	8000
NGO1957	10208	15653	8848	4544	9881	10470
NGO1958	5383	6821	5115	2286	3948	4938
NGO1959	24	17	15	20	29	13
NGO1959a	273	319	165	232	174	253
NGO1960a	324	330	208	195	220	260
NGO1961	5909	10457	4361	4319	4847	6617
NGO1962	948	2609	791	833	534	1740
NGO1963	3902	9574	3764	2583	2438	5994
NGO1972	247	412	201	64	61	531
NGO1973	2008	2940	1620	773	952	2887
NGO1974	38788	55347	32918	21290	28698	48564
NGO1975	53598	77131	45192	25163	27769	59364
NGO1976	263	436	221	176	86	316
NGO1977	681	1485	651	475	426	682
NGO1978	233	683	308	292	224	334
NGO1980	11939	27919	10472	8899	9920	21779
NGO1981	5581	11121	5673	4137	1309	12760
NGO1982	257	161	153	209	205	145
NGO1983	4378	3265	3310	2046	3985	2707
NGO1984	750	495	626	424	444	329
NGO1985	4368	2739	3515	1713	2214	1840
NGO1986	4464	5983	3999	2857	3303	3881
NGO1987	1145	1415	1197	684	714	1054
NGO1988	1780	4838	1682	2183	1692	2415
NGO1990	7141	10810	6532	5040	5026	7318
NGO1991	3930	4747	3956	1787	2578	3854
NGO1992	3682	4985	3686	1470	2223	3377
NGO1993	10009	13826	9137	6048	7101	11204
NGO1994	1486	2483	1252	1228	686	1839
NGO1995	480	517	482	436	494	378
NGO1996	1665	2505	1519	1409	941	2088
NGO1997	13115	25423	8922	7004	10299	18448
NGO1998	5508	10260	6111	3263	3708	7821
NGO1999	5777	13116	5137	3680	3565	11561
NGO2000	3197	5151	3439	2095	2511	2822
NGO2001	9229	12377	8634	6630	7947	7027
NGO2002	4278	5787	3913	2202	2905	4105
NGO2005	341	634	370	317	536	526
NGO2006	53	121	48	104	31	105
NGO2007	466	818	480	362	583	782
NGO2008	724	1067	700	577	1171	473
NGO2009	1877	4894	2321	2241	3868	1780
NGO2010	6301	8566	5670	4566	4330	5918
NGO2011	1908	2872	1445	1826	1185	1488
NGO2012	1187	1847	1053	1024	1176	866
NGO2013	2214	2607	1571	1376	2638	1701
NGO2014	10278	11851	5319	3299	10589	8492
NGO2015	1677	4120	2316	1857	1846	1993
NGO2016	18520	43133	16968	15441	19916	24640
NGO2017	2586	3999	2461	1353	2226	3264
NGO2020	22619	34897	17159	11090	19094	25684
NGO2021	11838	14408	10291	5547	8407	9728
NGO2022	1372	1029	1086	795	948	864
NGO2023	5647	7457	4581	6327	4661	5685
NGO2024	22178	33270	22648	12896	9554	28884
NGO2025	31510	35696	26688	13746	22850	28609
NGO2026	112	158	169	75	49	129
NGO2027	878	939	751	514	370	921
NGO2028	2494	5082	2488	1763	1219	3187
NGO2029	13466	20073	12179	7169	7921	14216
NGO2030	21925	30202	16769	10105	16217	22329
NGO2031	20155	31777	17139	8828	15281	24821
NGO2032	4181	6725	3756	2650	3386	4266
NGO2033	701	649	516	289	414	726
NGO2034	787	1221	697	542	492	714
NGO2035	2156	5518	2274	1400	1521	3468
NGO2036	849	1883	814	575	379	1237
NGO2037	517	554	504	450	178	469
NGO2038	3317	3039	2552	1455	2478	2735
NGO2039	2050	2385	1677	1170	1288	1949
NGO2040	3032	4659	2488	2335	1649	2775
NGO2041	455	561	380	248	408	392
NGO2041a	171	155	219	84	155	104
NGO2043	392	530	331	219	294	319
NGO2044	8972	8511	6963	3969	5886	8462
NGO2045	9260	12574	7101	4447	6958	9139
NGO2048	6814	8702	6199	3497	3826	7354
NGO2050	326	464	317	192	352	391
NGO2051	230	230	205	133	129	157
NGO2052	577	608	475	308	304	577
NGO2053	3989	4233	2529	1827	2887	3480
NGO2054	156	157	126	123	105	102
NGO2055	469	676	494	374	363	570
NGO2056	12117	24197	11010	7953	8950	15770
NGO2057	6301	8243	4706	2986	5176	5276
NGO2058	3744	3958	2745	1661	2985	2775
NGO2059	839	1075	671	505	544	922
NGO2060	6370	11800	5817	4060	5465	8021
NGO2065	2081	3575	2051	1065	1193	3064
NGO2068	442	314	492	195	357	238
NGO2069	1294	1107	1241	476	699	816
NGO2070	2820	2796	2796	1265	1718	2263
NGO2071	3855	4902	3973	1963	3543	2940
NGO2072	2751	2319	2024	819	1763	2167
NGO2073	2303	2482	1803	944	1139	2160
NGO2074	1463	3956	1358	1400	1041	1918
NGO2075	3000	5336	2764	2137	2667	3692
NGO2076	673	1435	550	476	412	941
NGO2077	1201	1993	993	971	1302	1301
NGO2078	886	1916	915	962	1079	919
NGO2079	1684	2622	1621	1023	1456	1974
NGO2080	774	841	709	533	567	658
NGO2081	7429	5140	8026	2832	4505	4169
NGO2082	2120	2434	1957	1681	1707	1536
NGO2083	8180	14264	8182	3896	4913	14746
NGO2084	16070	27347	13906	9152	8497	31573
NGO2085	1310	2113	1169	1021	548	1602
NGO2086	763	2067	1215	795	638	1013
NGO2087	397	910	393	339	383	561
NGO2088	163	90	204	71	113	115
NGO2089	252	202	207	128	173	149
NGO2090	242	303	225	182	195	219
NGO2091	461	579	480	338	484	312
NGO2092	1257	1017	1048	542	1110	838
NGO2093	3141	1178	2331	737	3373	670
NGO2094	24600	29318	30520	12630	16277	29167
NGO2095	152719	193337	145608	86968	153930	182204
NGO2096	7348	25819	6377	4702	6196	20647
NGO2097	578	731	471	185	295	753
NGO2098	4292	6325	3049	2353	2793	4386
NGO2099	88	133	79	113	68	99
NGO2100	690	1372	679	811	365	1253
NGO2101	468	670	431	321	293	607
NGO2102	2618	3112	2087	1170	2015	3309
NGO2103	13783	17735	13032	7146	9119	14737
NGO2104	1188	3969	1557	954	1148	1884
NGO2105	12605	13704	9190	6792	9199	10778
NGO2107	2793	5529	2751	2636	2847	3865
NGO2109	913	881	943	586	839	506
NGO2111	2709	4306	3000	2139	2970	2262
NGO2112	13337	13849	12022	8745	7171	9702
NGO2113	2615	6603	2657	1562	1789	5495
NGO2116	8260	15081	7857	6532	6528	10503
NGO2117	5155	8433	4810	3463	3428	5503
NGO2118	4357	5102	4033	2231	2755	3852
NGO2119	6404	7564	6063	2935	3594	6924
NGO2120	263	227	230	268	266	157
NGO2121	3475	4683	3257	1902	1544	4492
NGO2122	2776	2361	2683	1228	2146	2487
NGO2123	402	246	318	262	258	157
NGO2124	1725	2133	1541	678	790	1939
NGO2125	273	627	338	229	367	262
NGO2126	9679	13022	10071	7963	4039	8566
NGO2127	1783	3828	2220	985	1550	2086
NGO2128	2616	3603	2238	1503	2392	2105
NGO2130	8337	6372	7588	3184	4020	5789
NGO2131	1321	1419	1092	511	760	2242
NGO2133	2633	4610	2473	1511	1971	4723
NGO2134	18932	31296	21292	13119	7635	27425
NGO2135	3166	4836	2387	2226	3093	3526
NGO2137	1799	2555	1460	915	1157	1395
NGO2138	687	388	614	316	483	287
NGO2139	31915	50806	24273	14321	16298	55042
NGO2140	1020	2847	1057	835	693	1433
NGO2141	4999	10594	4864	3458	3068	8693
NGO2144	12408	22112	10846	8076	9743	15896
NGO2145	29624	53836	27844	20317	14182	49582
NGO2146	25818	27771	20096	14378	20962	23218
NGO2147	30436	38473	27945	14674	27831	34398
NGO2148	91986	113833	71308	43654	78267	102526
NGO2149	35706	48758	24270	16308	28634	40208
NGO2150	67123	95908	50166	33543	55497	76011
NGO2151	13106	20118	10609	6997	15658	17934
NGO2153	5515	6695	4669	2443	3240	4971
NGO2154	12650	15633	9757	5872	11248	12116
NGO2156	2630	3464	1798	1607	2408	2832
NGO2158	1418	2776	1302	1233	747	2155
NGO2159	2525	5431	3122	1842	1882	4168
NGO2160	988	1243	802	495	435	1066
NGO2161	3156	9901	3816	3091	2579	5364
NGO2162	1064	511	720	370	512	472
NGO2163	23986	28839	14980	8822	14230	30536
NGO2164	26481	34750	18875	14431	19376	31813
NGO2165	7197	5899	6052	3465	3685	5304
NGO2166	7198	13050	5068	3797	4620	13902
NGO2168	9930	19114	9080	6217	5096	15350
NGO2170	228	253	282	138	362	167
NGO2171	1652	1737	1501	982	933	1353
NGO2172	4944	5145	3974	1757	3020	4397
NGO2173	2071	1640	1826	1306	617	1170
NGO2174	19459	6692	17547	3440	13561	5782
NGO2175	3026	6079	3879	2818	3363	2661
NGO2177	2364	6727	2701	2301	2520	3838
NGO2178	13821	11496	10440	5124	7515	9118
NGO2180	1013	1472	800	682	412	1111
NGO2182	3754	9591	4402	6050	1260	8584
NGO272a	112	320	127	130	137	207
